sampno,vehno,day_id,trip_id,mt_cnt,start_ts,end_ts,start_rts,end_rts,absolute_time_duration_hrs,speed_data_duration_hrs,driving_data_duration_hrs,non_recorded_time_hrs,collected_vs_real_time_ratio,mean_estimated_sampling_rate_hz,max_gap_between_samples_s,min_gap_between_samples_s,mean_gap_between_samples_s,median_gap_between_samples_s,std_gap_between_samples_s,var_gap_between_samples_s,gap_25th_percentile_s,gap_75th_percentile_s,gap_inter_quartile_range_s,gap_median_absolute_deviation_s,median_estimated_sampling_rate_hz,max_speed,total_average_speed,total_median_speed,total_root_mean_cubed_speed,total_speed_variance,total_speed_standard_deviation,total_speed_velocity_ratio,total_speed_25th_percentile,total_speed_75th_percentile,total_speed_inter_quartile_range,total_speed_median_absolute_deviation,driving_average_speed,driving_median_speed,driving_root_mean_cubed_speed,driving_speed_variance,driving_speed_standard_deviation,driving_speed_velocity_ratio,driving_speed_25th_percentile,driving_speed_75th_percentile,driving_speed_inter_quartile_range,driving_speed_median_absolute_deviation,zero_seconds,zero_five_seconds,five_ten_seconds,ten_fifteen_seconds,fifteen_twenty_seconds,twenty_twenty_five_seconds,twenty_five_thirty_seconds,thirty_thirty_five_seconds,thirty_five_fourty_seconds,fourty_fourty_five_seconds,fourty_five_fifty_seconds,fifty_fifty_five_seconds,fifty_five_sixty_seconds,sixty_sixty_five_seconds,sixty_five_seventy_seconds,seventy_seventy_five_seconds,seventy_five_plus_seconds,driving_time_seconds,percent_zero,percent_zero_five,percent_five_ten,percent_ten_fifteen,percent_fifteen_twenty,percent_twenty_twenty_five,percent_twenty_five_thirty,percent_thirty_thirty_five,percent_thirty_five_fourty,percent_fourty_fourty_five,percent_fourty_five_fifty,percent_fifty_fifty_five,percent_fifty_five_sixty,percent_sixty_sixty_five,percent_sixty_five_seventy,percent_seventy_seventy_five,percent_seventy_five_plus,percent_distance_zero_five,percent_distance_twenty_twenty_five,percent_distance_twenty_five_thirty,percent_distance_total,percent_distance_thirty_thirty_five,percent_distance_thirty_five_fourty,percent_distance_ten_fifteen,percent_distance_sixty_sixty_five,percent_distance_sixty_five_seventy,percent_distance_seventy_seventy_five,percent_distance_seventy_five_plus,percent_distance_fourty_fourty_five,percent_distance_fourty_five_fifty,percent_distance_five_ten,percent_distance_fifty_five_sixty,percent_distance_fifty_fifty_five,percent_distance_fifteen_twenty,percent_total,distance_zero_five,distance_five_ten,distance_ten_fifteen,distance_fifteen_twenty,distance_twenty_twenty_five,distance_twenty_five_thirty,distance_thirty_thirty_five,distance_thirty_five_fourty,distance_fourty_fourty_five,distance_fourty_five_fifty,distance_fifty_fifty_five,distance_fifty_five_sixty,distance_sixty_sixty_five,distance_sixty_five_seventy,distance_seventy_seventy_five,distance_seventy_five_plus,distance_total,total_number_of_acceleration_events,total_number_of_deceleration_events,acceleration_events_per_mile,deceleration_events_per_mile,max_acceleration_ft_per_second_squared,max_deceleration_ft_per_second_squared,average_acceleration_ft_per_second_squared,average_deceleration_ft_per_second_squared,median_acceleration_ft_per_second_squared,median_deceleration_ft_per_second_squared,std_acceleration_ft_per_second_squared,std_deceleration_ft_per_second_squared,var_acceleration_ft_per_second_squared,var_deceleration_ft_per_second_squared,acceleration_25th_percentile_ft_per_second_squared,deceleration_25th_percentile_ft_per_second_squared,acceleration_75th_percentile_ft_per_second_squared,deceleration_75th_percentile_ft_per_second_squared,acceleration_inter_quartile_range_ft_per_second_squared,deceleration_inter_quartile_range_ft_per_second_squared,acceleration_median_absolute_deviation_ft_per_second_squared,deceleration_median_absolute_deviation_ft_per_second_squared,cumulative_acceleration_duration,cumulative_deceleration_duration,cumulative_acceleration_cycle_duration_percent,cumulative_deceleration_cycle_duration_percent,absolute_time_cumulative_acceleration_duration,absolute_time_cumulative_deceleration_duration,absolute_time_cumulative_acceleration_cycle_duration_percent,absolute_time_cumulative_deceleration_cycle_duration_percent,average_acceleration_event_duration,average_deceleration_event_duration,min_acceleration_event_duration,min_deceleration_event_duration,max_acceleration_event_duration,max_deceleration_event_duration,std_acceleration_event_duration,std_deceleration_event_duration,var_acceleration_event_duration,var_deceleration_event_duration,median_acceleration_event_duration,median_deceleration_event_duration,acceleration_event_duration_25th_percentile,deceleration_event_duration_25th_percentile,acceleration_event_duration_75th_percentile,deceleration_event_duration_75th_percentile,acceleration_event_duration_inter_quartile_range,deceleration_event_duration_inter_quartile_range,acceleration_event_duration_median_absolute_deviation,deceleration_event_duration_median_absolute_deviation,total_stops,stops_0_30,stops_30_60,stops_60_plus,stops_300_plus,stops_1800_plus,stops_3600_plus,stops_per_mile,average_stop_duration,min_stop_duration,max_stop_duration,median_stop_duration,mean_stop_duration,std_stop_duration,var_stop_duration,stop_duration_25th_percentile,stop_duration_75th_percentile,stop_duration_inter_quartile_range,stop_duration_median_absolute_deviation,max_elevation,min_elevation,mean_elevation,median_elevation,std_of_elevation,var_of_elevation,elevation_25th_percentile,elevation_75th_percentile,elevation_inter_quartile_range,elevation_median_absolute_deviation,delta_elevation,delta_elevation_cumulative,absolute_delta_elevation_cumulative,total_elevation_gained,total_elevation_lost,average_absolute_elevation_rate_change,max_climbing_rate,average_climbing_rate,median_climbing_rate,max_descending_rate,average_descending_rate,median_descending_rate,climbing_rate_25th_percentile,descending_rate_25th_percentile,climbing_rate_75th_percentile,descending_rate_75th_percentile,climbing_rate_inter_quartile_range,descending_rate_inter_quartile_range,climbing_rate_median_absolute_deviation,descending_rate_median_absolute_deviation,max_road_grade,min_road_grade,mean_road_grade,median_road_grade,std_of_road_grade,var_of_road_grade,road_grade_25th_percentile,road_grade_75th_percentile,road_grade_inter_quartile_range,road_grade_median_absolute_deviation,maximum_kinetic_power_density_demand,total_kinetic_power_density_demand,average_kinetic_power_density_demand,variance_kinetic_power_density_demand,standard_deivation_kinetic_power_density_demand,maximum_kinetic_power_density_regen,total_kinetic_power_density_regen,average_kinetic_power_density_regen,variance_kinetic_power_density_regen,standard_deivation_kinetic_power_density_regen,maximum_potential_power_density_demand,total_potential_power_density_demand,average_potential_power_density_demand,variance_potential_power_density_demand,standard_deivation_potential_power_density_demand,maximum_potential_power_density_regen,total_potential_power_density_regen,average_potential_power_density_regen,variance_potential_power_density_regen,standard_deivation_potential_power_density_regen,maximum_aerodynamic_power_density_demand,total_aerodynamic_power_density_demand,average_aerodynamic_power_density_demand,variance_aerodynamic_power_density_demand,standard_deivation_aerodynamic_power_density_demand,maximum_aerodynamic_power_density_regen,total_aerodynamic_power_density_regen,average_aerodynamic_power_density_regen,variance_aerodynamic_power_density_regen,standard_deivation_aerodynamic_power_density_regen,maximum_rolling_power_density_demand,total_rolling_power_density_demand,average_rolling_power_density_demand,variance_rolling_power_density_demand,standard_deivation_rolling_power_density_demand,maximum_rolling_power_density_regen,total_rolling_power_density_regen,average_rolling_power_density_regen,variance_rolling_power_density_regen,standard_deivation_rolling_power_density_regen,maximum_instantanteous_potential_energy_density,average_instantanteous_potential_energy_density,cumulative_instanteous_potential_energy_density,maximum_instantanteous_kinetic_energy_density,average_instantanteous_kinetic_energy_density,cumulative_instanteous_kinetic_energy_density,maximum_instantanteous_aerodynamic_energy_density,average_instantanteous_aerodynamic_energy_density,cumulative_instanteous_aerodynamic_energy_density,maximum_instantanteous_rolling_energy_density,average_instantanteous_rolling_energy_density,cumulative_instanteous_rolling_energy_density,characteristic_acceleration,characteristic_deceleration,aerodynamic_speed,kinetic_intensity,ca_standard,cd_standard,as_standard,ki_standard
1119207,1,1,1,1,2012-03-16 17:37:59,2012-03-16 17:41:09,5.0,195.0,0.0530555555556,0.0530555555556,0.0525,0.0,1.0,1.0,1.0,1.0,1.0,1.0,0.0,0.0,1.0,1.0,0.0,0.0,1.0,49.729985119,15.8135995154,9.02159863946,25.1868006602,190.434552401,13.7998026218,1.59273039865,5.54389880952,22.8013764881,17.2574776786,5.01505102041,15.9809391928,9.08742559524,15.9809391928,189.77548764,13.7759024256,1.0,5.59568452381,22.8209077381,17.2252232143,4.95,2.0,36.0,68.0,15.0,12.0,16.0,10.0,4.0,6.0,9.0,13.0,0.0,0.0,0.0,0.0,0.0,0.0,189.0,1.04712041885,18.8481675393,35.6020942408,7.85340314136,6.28272251309,8.37696335079,5.23560209424,2.0942408377,3.14136125654,4.71204188482,6.80628272251,0.0,0.0,0.0,0.0,0.0,0.0,4.86635602661,11.9057053613,8.83021526238,100.0,4.34948465779,7.40502401301,6.42853214599,0.0,0.0,0.0,0.0,12.6123812075,20.4117773888,16.1629087603,0.0,0.0,7.02761517637,100.0,0.0408286933697,0.13560669259,0.0539353401951,0.0589616426721,0.0998887855489,0.0740854449129,0.036492146164,0.0621281001984,0.105817791005,0.171254670966,0.0,0.0,0.0,0.0,0.0,0.0,0.838999307622,9.0,9.0,10.7270648715,10.7270648715,4.2264890558,-6.74281237902,1.55578823197,-1.92185605125,1.33658760536,-1.43469278638,1.10571634887,1.81086936147,1.22260864417,3.27924784431,0.688591426339,-2.72904823929,2.20218304018,-0.497291779688,1.51359161384,2.2317564596,0.705396985714,1.00226921872,0.549738219895,0.44502617801,0.287821057537,0.287821057537,105.0,84.0,54.9738219895,43.9790575916,11.6666666667,9.33333333333,3.0,4.0,33.0,22.0,8.81917103688,5.1854497287,77.7777777778,26.8888888889,9.0,8.0,6.0,6.0,11.0,11.0,5.0,5.0,3.0,3.0,1.0,0.0,0.0,0.0,0.0,0.0,0.0,1.19189609683,0.0,0.0,0.0,0.0,0.0,0.0,0.0,0.0,0.0,0.0,0.0,451.25415533,357.187613757,416.033539441,429.642734315,30.2529635726,915.241804924,395.738172447,439.083995268,43.3458228211,16.2959478134,-72.4379971443,-72.4379971443,123.487047974,25.5245254148,-97.9625225591,0.646529046984,1.14044695915,0.263139437266,0.240101522992,-0.0446179094484,-1.05336045763,-0.655046885867,0.148886191297,-1.55472790465,0.327368196738,-0.358021417203,0.178482005441,1.19670648745,0.0912153316943,0.376225213115,0.0410608218224,-0.0711701600257,-0.00434093454746,0.000220562418348,0.0325193749315,0.00105750974594,-0.0305006620448,0.0289554828065,0.0594561448513,0.0287349203881,13.0510637119,396.987209068,3.78083056255,15.0455304394,3.87885684698,-26.2442712899,-396.987209068,-4.67043775374,40.6534411727,6.37600511078,3.4088722796,76.2945145661,0.786541387279,0.368440273395,0.60699281165,-9.13335902722,-292.816535581,-3.14856489872,6.48483150291,2.54653323224,5474.09288423,136131.741304,716.482848967,1926202.12552,1387.8768409,0.0994277522474,0.0,0.0,0.0,0.0,217.754859527,13241.316403,69.6911389629,3642.35978217,60.3519658518,4.54314449087,0.0,0.0,0.0,0.0,1348.82886821,1243.55209035,237518.449258,247.115184169,44.0162565979,8407.1050102,5493.68995222,713.720502492,136320.615976,218.014505062,69.3262638898,13241.316403,0.214381026513,-0.374739378565,14.2000362773,1.06318156686,0.703349824516,-1.22945990343,46.5880455292,1.71102487553
1119207,1,1,1,6,2012-03-16 18:56:50,2012-03-16 19:14:23,4736.0,5789.0,0.292777777778,0.245,0.241666666667,0.0477777777778,0.836812144213,0.836657169991,55.0,1.0,1.19523269012,1.0,2.7746255747,7.69854707979,1.0,1.0,0.0,0.0,1.0,52.1743303571,28.4623077877,29.8195684524,35.4804361511,260.749193592,16.1477302923,1.2465762234,13.141015625,44.9117001488,31.7706845238,15.552046131,28.8548913434,30.1132068452,28.8548913434,253.01777835,15.9065325684,1.0,13.4626753827,44.9452752976,31.482599915,15.2547991071,12.0,61.0,97.0,80.0,52.0,68.0,73.0,83.0,56.0,84.0,154.0,62.0,0.0,0.0,0.0,0.0,0.0,870.0,1.36054421769,6.91609977324,10.9977324263,9.07029478458,5.89569160998,7.70975056689,8.27664399093,9.410430839,6.34920634921,9.52380952381,17.4603174603,7.02947845805,0.0,0.0,0.0,0.0,0.0,0.871688724722,6.09539251982,7.91545176273,100.0,10.6505564917,8.30716689258,3.94915032878,0.0,0.0,0.0,0.0,14.3730773053,28.7493150062,2.85749840112,0.0,12.6314391157,3.59926345131,100.0,0.0607851683063,0.199260947539,0.275384733786,0.250986193193,0.425047898065,0.551965459656,0.742691571594,0.579280795304,1.00227282779,2.00476603836,0.880823774388,0.0,0.0,0.0,0.0,0.0,6.97326540799,29.0,29.0,4.15874031796,4.15874031796,7.91498195759,-6.79359281384,1.89100717272,-1.91709003028,1.36670665982,-1.32218284018,1.64629336992,1.72241297939,2.71028185984,2.96670647157,0.550109252009,-3.17455925324,3.01932608304,-0.450258038839,2.46921683103,2.7243012144,1.05089309598,1.06617087723,0.5,0.493197278912,0.0566893424036,0.0566893424036,441.0,429.0,41.8406072106,40.7020872865,15.2068965517,14.7931034483,3.0,3.0,43.0,35.0,10.4827586207,8.42156226945,109.8882283,70.9227110583,13.0,13.0,7.0,7.0,21.0,22.0,14.0,15.0,7.0,7.0,6.0,2.0,3.0,0.0,0.0,0.0,0.0,0.860429031301,30.3333333333,0.0,56.0,28.0,30.3333333333,18.2726267649,333.888888889,22.5,44.0,21.5,13.0,572.07368997,76.2112745775,287.262189448,319.296290654,143.515382469,20596.6650054,143.260521534,413.954161781,270.693640248,128.834023774,-145.531387023,-145.531387023,1126.59809099,490.533351982,-636.064739005,1.27732209863,10.4756660663,1.048148188,0.589271779118,-0.00212335159488,-1.55898220344,-1.1717196757,0.177501001647,-2.43496444584,1.31285214006,-0.342127130778,1.13535113841,2.09283731507,0.466150535479,0.992090593486,0.148877769107,-0.101073644531,-0.000398587596174,0.00233863451783,0.0379863722169,0.0014429644742,-0.0276393604006,0.019765643551,0.0474050039516,0.0211138549953,27.5051814691,2588.58550967,5.86980841196,26.7667556559,5.17365979321,-29.7418523539,-2588.58550967,-5.95077128661,34.0017439256,5.83110143331,31.3124669037,1466.23701557,3.132985076,20.5994738043,4.53866431941,-21.0032393362,-1901.24007034,-4.65990213318,19.1948419528,4.38119184159,6341.92271474,1758524.6366,2007.44821529,4166356.40437,2041.16545247,0.0,0.0,0.0,0.0,0.0,228.702539522,110053.980724,125.632398087,4923.89536705,70.1704736128,0.0,0.0,0.0,0.0,0.0,1709.96654249,858.645907845,757325.690719,272.004782882,107.002097131,94375.84967,6344.24299486,1995.15208882,1759724.14234,228.730428584,124.777755923,110053.980724,0.262475941333,-0.30123803498,17.7029925346,0.837521817971,0.861141539807,-0.988313763059,58.0806841687,1.34786071262
1119207,1,1,1,1,2012-03-16 19:21:20,2012-03-16 19:24:44,6206.0,6410.0,0.0569444444444,0.0530555555556,0.0525,0.00388888888889,0.931707317073,0.93137254902,15.0,1.0,1.07368421053,1.0,1.01299041678,1.02614958449,1.0,1.0,0.0,0.0,1.0,29.8921130952,10.9722396223,7.78300595238,15.9172603318,66.4282896177,8.15035518353,1.45068471705,4.91667493386,15.855952381,10.9392774471,3.82934358466,11.0883479781,7.80178571429,11.0883479781,65.8437846292,8.11441831736,1.0,4.98829365079,16.2636904762,11.2753968254,3.82510747354,2.0,48.0,67.0,24.0,14.0,17.0,19.0,0.0,0.0,0.0,0.0,0.0,0.0,0.0,0.0,0.0,0.0,189.0,1.04712041885,25.1308900524,35.0785340314,12.5654450262,7.32984293194,8.90052356021,9.94764397906,0.0,0.0,0.0,0.0,0.0,0.0,0.0,0.0,0.0,0.0,10.0928660453,17.4302662608,24.9512767503,100.0,0.0,0.0,13.488810112,0.0,0.0,0.0,0.0,0.0,0.0,22.4198264702,0.0,0.0,11.6169543614,100.0,0.0601564474941,0.133628753996,0.080397272055,0.0692404617229,0.103889508929,0.148716941551,0.0,0.0,0.0,0.0,0.0,0.0,0.0,0.0,0.0,0.0,0.596029385747,10.0,10.0,16.7776962665,16.7776962665,3.82971537656,-4.59512009196,1.42864233233,-1.30231415841,1.22533261975,-0.960645059598,1.06441254818,1.08152220412,1.13297407272,1.16969027801,0.448839387723,-1.76889425123,2.12663986825,-0.517498464174,1.67780048052,1.25139578705,0.793626172433,0.559363222366,0.471204188482,0.523560209424,0.246703763603,0.246703763603,104.0,99.0,50.7317073171,48.2926829268,10.4,9.9,1.0,2.0,21.0,16.0,5.51724568965,4.7,30.44,22.09,9.0,11.5,8.25,5.25,14.5,13.0,6.25,7.75,2.5,3.0,1.0,0.0,0.0,0.0,0.0,0.0,0.0,1.67776962665,0.0,0.0,0.0,0.0,0.0,0.0,0.0,0.0,0.0,0.0,0.0,261.657229908,204.976557338,230.426969919,221.638401715,22.3607158049,500.001611309,209.015634937,256.327382127,47.3117471895,16.2652766601,42.6707485963,42.6707485963,70.6905965442,56.6806725702,-14.009923974,0.361595579912,2.28243347651,0.529725911871,0.279201076117,-0.00298528613948,-0.149205821602,-0.14879115255,0.12696315979,-0.191027043887,0.804906472088,-0.100591634525,0.677943312298,0.0904354093619,0.202252005023,0.0448994530095,0.052545110566,-0.025837677246,0.00472091382118,0.00494868069422,0.0223457743153,0.00049933362975,-0.0160751703454,0.0222907350582,0.0383659054035,0.020333195578,10.228678409,231.908681694,2.57676312994,8.7423042206,2.95673878126,-13.0793697222,-232.713513074,-2.32713513074,8.81297208733,2.96866503455,6.82234640173,169.422323383,1.58338619984,3.10484416716,1.76205680021,-5.20687167397,-41.8766003023,-0.504537353039,0.308280372093,0.555230017284,1189.93796884,34320.3504415,180.633423376,99486.7281731,315.41516795,0.0135303203315,0.0,0.0,0.0,0.0,130.929849208,9187.46527926,48.3550804171,1264.40873913,35.5585255477,2.3368098171,0.0,0.0,0.0,0.0,782.110970296,688.761633261,131553.471953,89.2844867921,18.6673325052,3565.46050849,1193.10593973,180.141641449,34407.0535168,131.045972085,48.1019124568,9187.46527926,0.32656314262,-0.193594467064,8.46287615975,4.55964672318,1.07140138655,-0.635152450997,27.7653417315,7.33804009607
1119207,1,1,1,4,2012-03-16 19:44:12,2012-03-16 19:47:33,7578.0,7779.0,0.0561111111111,0.0413888888889,0.0391666666667,0.0147222222222,0.737623762376,0.73631840796,27.0,1.0,1.35810810811,1.0,2.62783986702,6.90554236669,1.0,1.0,0.0,0.0,1.0,35.926860119,15.840189807,13.0838541667,21.2838469678,108.418633125,10.4124268605,1.34366110679,8.28571428571,24.5542410714,16.2685267857,7.31473214286,16.7389239805,13.6441964286,16.7389239805,99.5262019251,9.97628196901,1.0,8.86927083333,25.1513392857,16.2820684524,6.815625,8.0,12.0,30.0,38.0,12.0,12.0,12.0,19.0,6.0,0.0,0.0,0.0,0.0,0.0,0.0,0.0,0.0,141.0,5.36912751678,8.05369127517,20.1342281879,25.5033557047,8.05369127517,8.05369127517,8.05369127517,12.7516778523,4.02684563758,0.0,0.0,0.0,0.0,0.0,0.0,0.0,0.0,2.09037531229,11.3776706519,13.9196673313,100.0,25.691896081,9.04188797362,19.6529354648,0.0,0.0,0.0,0.0,0.0,0.0,9.54272447966,0.0,0.0,8.68284270539,100.0,0.0137046647652,0.0625628513558,0.128846188823,0.0569253988922,0.0745929026124,0.0912584325397,0.168438089038,0.059279327877,0.0,0.0,0.0,0.0,0.0,0.0,0.0,0.0,0.655607855903,8.0,8.0,12.2024163194,12.2024163194,6.13577520402,-5.66074533415,2.29338033205,-2.32523283666,1.93547663036,-1.86159764531,1.78652337956,1.67836321832,3.1916657857,2.81690309261,0.665347373438,-3.79794729174,3.64549686027,-0.738298778906,2.98014948683,3.05964851283,1.35677610201,1.41477710725,0.489932885906,0.48322147651,0.328814017387,0.328814017387,73.0,68.0,36.1386138614,33.6633663366,9.125,8.5,4.0,3.0,16.0,17.0,3.78937659781,4.21307488659,14.359375,17.75,8.0,8.0,6.75,5.0,11.0,11.0,4.25,6.0,2.0,3.0,4.0,3.0,0.0,0.0,0.0,0.0,0.0,6.1012081597,14.75,0.0,28.0,15.5,14.75,9.93415824315,98.6875,11.25,19.0,7.75,6.5,254.326975331,174.852777394,204.913761317,190.007622381,30.0664336518,903.990432536,179.302938225,235.217245583,55.9143073576,11.7287709459,-79.4741979363,-79.4741979363,85.1188683117,2.82233518768,-82.296533124,0.571267572562,0.17844452934,0.0881979746149,0.0894186681083,-0.00474338568969,-0.728287903752,-0.332947362646,0.0410684106205,-1.14070072917,0.133791747259,-0.155015961055,0.0927233366389,0.985684768116,0.0484220164901,0.229612321441,0.00783256424368,-0.0754011420639,-0.019550631658,-0.0157309995355,0.0227601556962,0.000518024687317,-0.026265117332,-0.000486598647806,0.0257785186842,0.0135169022529,15.4680095138,328.755059397,4.50349396434,18.3887429623,4.28820976193,-17.5655947763,-328.755059397,-4.56604249163,21.9583030135,4.685968738,0.533382639705,8.43614874664,0.263629648332,0.0223500265411,0.149499252644,-10.9851196842,-245.989844792,-2.17690128134,6.88246224537,2.62344472886,2068.89951345,64000.2101443,441.380759616,363427.338712,602.849349931,0.0,0.0,0.0,0.0,0.0,157.438320985,10346.9823841,71.3584992009,1985.87203079,44.5631241139,0.0,0.0,0.0,0.0,0.0,760.200348825,612.500945406,91262.6408654,128.973741651,35.9051336985,5349.86492108,2071.41418904,430.684796013,64172.034606,157.502090711,69.4428347929,10346.9823841,0.205940284834,-0.431088629234,11.01435781,1.69755145639,0.675657102475,-1.41433277308,36.1363445208,2.73194425104
1119207,1,1,1,3,2012-03-16 19:54:54,2012-03-16 19:59:11,8220.0,8477.0,0.0716666666667,0.0594444444444,0.0577777777778,0.0122222222222,0.829457364341,0.828793774319,29.0,1.0,1.20657276995,1.0,2.1999901815,4.8399567987,1.0,1.0,0.0,0.0,1.0,48.4115327381,20.7195654971,16.3246651786,28.4235954803,203.745307076,14.2739380367,1.37182391611,9.31995907738,35.0670758929,25.7471168155,9.58381696429,21.317245271,17.0855654762,21.317245271,196.881689215,14.0314535674,1.0,9.9763764881,35.8814174107,25.9050409226,10.090327381,6.0,19.0,34.0,44.0,21.0,14.0,12.0,10.0,29.0,8.0,17.0,0.0,0.0,0.0,0.0,0.0,0.0,208.0,2.80373831776,8.8785046729,15.8878504673,20.5607476636,9.81308411215,6.54205607477,5.60747663551,4.67289719626,13.5514018692,3.73831775701,7.94392523364,0.0,0.0,0.0,0.0,0.0,0.0,1.63248242524,7.05584319431,7.35539203819,100.0,7.42220129985,24.4816203465,12.1475220352,0.0,0.0,0.0,0.0,7.70604522254,18.0292688282,5.8061285791,0.0,0.0,8.36349603091,100.0,0.0201066829944,0.0715119409309,0.149616541625,0.103010091146,0.086904214203,0.0905936466601,0.0914165116567,0.301531074322,0.0949125124008,0.222059844163,0.0,0.0,0.0,0.0,0.0,0.0,1.2316630601,7.0,7.0,5.68337252837,5.68337252837,6.08634066897,-5.85979299844,1.7379287445,-2.0637903841,1.22194968248,-1.57076052564,1.51754371919,1.8139369524,2.30293893965,3.29036726727,0.639927600795,-3.33527605564,2.23680358376,-0.589531383984,1.59687598297,2.74574467165,0.719310679353,1.14140030901,0.532710280374,0.448598130841,0.248930037558,0.248930037558,114.0,93.0,44.1860465116,36.0465116279,16.2857142857,13.2857142857,5.0,1.0,38.0,26.0,10.8458587978,7.42032509327,117.632653061,55.0612244898,13.0,13.0,7.5,9.0,21.5,17.5,14.0,8.5,8.0,4.0,3.0,2.0,0.0,0.0,0.0,0.0,0.0,2.43573108359,16.0,0.0,30.0,18.0,16.0,12.3288280059,152.0,9.0,24.0,15.0,12.0,174.852777394,94.9916541873,134.251957896,128.713780588,25.1574301093,632.896289705,116.05045652,159.221645549,43.1711890292,25.1474465993,-50.040775931,-50.040775931,123.7828705,36.8710472845,-86.9118232155,0.578424628505,1.38242662765,0.491613963794,0.458713700669,-0.005780063,-0.639057523644,-0.385707511109,0.148895884862,-1.0422654967,0.74712819498,-0.198013893122,0.598232310117,0.844251603581,0.304767341849,0.239336337083,0.053291341893,-0.0525665186272,-0.00515476588789,-0.00969095359975,0.0245106808636,0.000600773476395,-0.0257239206741,0.00419544576209,0.0299193664362,0.0151300080657,17.9717663752,493.809417368,4.33166155586,19.5494133075,4.42147184855,-21.119128504,-493.809417368,-5.14384809758,35.6791237863,5.97320046426,4.13216570203,110.210027744,1.46946703659,1.29589885984,1.13837553551,-8.48180801437,-259.78525573,-1.9101857039,3.56675861525,1.88858640662,5064.39118141,219274.297595,1039.21468055,2109289.25217,1452.33923454,0.0,0.0,0.0,0.0,0.0,212.180961404,19438.4430744,92.1253226273,3838.4120215,61.954919268,0.0,0.0,0.0,0.0,0.0,522.64665278,401.288086293,85875.6504666,234.18573591,63.2554336454,13536.6628001,5068.22230972,1025.7610375,219512.862025,212.234456212,90.8338461419,19438.4430744,0.238109317148,-0.313569677009,14.8743659231,1.07621605582,0.781198547073,-1.0287719062,48.8004131335,1.73200185214
1119207,1,1,1,4,2012-03-16 20:10:11,2012-03-16 20:22:33,9137.0,9879.0,0.206388888889,0.183888888889,0.181666666667,0.0225,0.890982503365,0.890835579515,44.0,1.0,1.12254160363,1.0,1.99586339615,3.98347069608,1.0,1.0,0.0,0.0,1.0,61.8916666667,27.0239721578,21.6787202381,38.1112753108,406.606292798,20.1644809702,1.41027659029,7.94215029762,47.5564174107,39.6142671131,16.2587053571,27.3545406245,22.1032366071,27.3545406245,402.537521527,20.0633377464,1.0,8.07001488095,47.8955357143,39.8255208333,16.4575892857,8.0,77.0,132.0,64.0,40.0,31.0,30.0,26.0,31.0,27.0,66.0,42.0,62.0,26.0,0.0,0.0,0.0,654.0,1.2084592145,11.6314199396,19.9395770393,9.66767371601,6.04229607251,4.68277945619,4.53172205438,3.92749244713,4.68277945619,4.07854984894,9.96978851964,6.34441087613,9.36555891239,3.92749244713,0.0,0.0,0.0,1.71712074829,3.85412097826,4.5605103051,100.0,4.70983455583,6.41032432532,4.36281276345,8.83737482165,0.0,0.0,0.0,6.43855716644,17.5679927961,5.49767020661,19.820661839,12.2901169955,3.93290249848,100.0,0.0853307395007,0.273201674796,0.216805975805,0.195441979787,0.191527004451,0.226630373677,0.234050905258,0.318555183532,0.319958188657,0.873025276951,0.610746083416,0.984969597388,0.439165230241,0.0,0.0,0.0,4.96940821346,33.0,33.0,6.64062974553,6.64062974553,6.37181692433,-10.6602901212,1.75348941422,-2.00480385795,1.12106176272,-1.35219276763,1.64509443697,2.05475166473,2.70633570656,4.22200440371,0.487088404353,-2.97900365324,2.56377538426,-0.361101272545,2.07668697991,2.61790238069,0.828710505804,1.0584228596,0.530211480363,0.463746223565,0.0800923686348,0.0800923686348,351.0,303.0,47.2409152086,40.7806191117,10.6363636364,9.18181818182,1.0,2.0,31.0,23.0,8.19023136469,6.2689931793,67.0798898072,39.3002754821,7.0,7.0,5.0,5.0,13.0,12.0,8.0,7.0,3.0,3.0,4.0,2.0,1.0,0.0,0.0,0.0,0.0,0.804924817641,21.75,0.0,45.0,21.0,21.75,16.4829457319,271.6875,11.25,31.5,20.25,13.5,547.492117878,76.7076895709,256.743040315,132.99526061,154.721863025,23938.854898,126.026247162,427.877811695,301.851564533,46.4396634834,302.409947106,302.409947106,862.237287308,582.323617207,-279.913670101,1.30247324367,7.66430356887,1.72796325581,0.978662564234,-0.010334013034,-0.872005202807,-0.306103023523,0.165473551337,-1.10759736893,3.11122949717,-0.191780752322,2.94575594583,0.915816616605,0.892598437383,0.230594305611,0.0988885052803,-0.0661736848557,0.00251627014529,0.00202425015485,0.0332750240122,0.00110722722301,-0.0224162050741,0.0214453625987,0.0438615676728,0.0219223842359,22.9491073431,1959.93075195,5.58384829616,31.4314267355,5.60637375988,-51.5816033692,-1959.93075195,-6.38413925717,71.817512458,8.47452137044,22.9091162626,1740.60426093,5.16499780691,29.3179441564,5.41460470916,-13.4555821278,-836.680691755,-2.60648190578,10.1943637444,3.19286137257,10576.8005753,1635853.60478,2486.09970331,10363107.3872,3219.17806082,0.0,0.0,0.0,0.0,0.0,271.216070944,78428.5587509,119.192338527,7760.81328633,88.09547824,0.0,0.0,0.0,0.0,0.0,1636.49057851,767.422128745,508033.449229,382.760513847,113.601891024,75204.4518578,10590.2372903,2472.68960351,1636920.51753,271.33088907,118.472143128,78428.5587509,0.381789381882,-0.268763435584,20.2260201784,0.933260690586,1.25258983557,-0.881769801785,66.3583339188,1.50193749283
1119207,1,2,8,2,2012-03-17 08:01:52,2012-03-17 08:09:21,51838.0,52287.0,0.125,0.1025,0.101388888889,0.0225,0.82,0.819599109131,82.0,1.0,1.22010869565,1.0,4.21667600248,17.7803565099,1.0,1.0,0.0,0.0,1.0,59.8630952381,30.8430092038,31.45625,39.8126984502,369.091002796,19.2117412744,1.29081757837,12.012797619,46.9679315476,34.9551339286,16.784672619,31.1810147841,31.6275297619,31.1810147841,362.596478707,19.0419662511,1.0,12.2727678571,47.0526785714,34.7799107143,16.6229591837,4.0,44.0,36.0,22.0,24.0,20.0,22.0,27.0,21.0,43.0,35.0,12.0,59.0,0.0,0.0,0.0,0.0,365.0,1.08401084011,11.9241192412,9.75609756098,5.9620596206,6.50406504065,5.42005420054,5.9620596206,7.31707317073,5.69105691057,11.6531165312,9.48509485095,3.25203252033,15.9891598916,0.0,0.0,0.0,0.0,1.42973412829,3.94877899423,5.30711663717,100.0,7.60005390536,7.01753771776,2.37172211649,0.0,0.0,0.0,0.0,16.1816444423,14.555700267,2.41644401246,30.0120962805,5.55930264285,3.59986885564,100.0,0.0451997354497,0.0763936650398,0.0749798232444,0.113806557953,0.124837032534,0.167779633468,0.240268745866,0.221853029927,0.511567873677,0.460165137235,0.175752263145,0.94880494585,0.0,0.0,0.0,0.0,3.16140844339,16.0,16.0,5.06103538549,5.06103538549,6.50549751027,-6.18683105462,1.98445990775,-1.78909856968,1.40932075681,-1.17322447299,1.7634587224,1.47759457323,3.10978666562,2.18328572283,0.596379103795,-2.88248081384,3.05896987925,-0.543275173075,2.46259077545,2.33920564076,1.09296155792,0.997857369643,0.471544715447,0.523035230352,0.127789895785,0.127789895785,174.0,191.0,38.6666666667,42.4444444444,10.875,11.9375,2.0,3.0,32.0,34.0,8.16911102875,10.3770705765,66.734375,107.68359375,8.5,7.0,4.5,4.75,15.0,15.0,10.5,10.25,5.5,3.0,2.0,0.0,0.0,1.0,0.0,0.0,0.0,0.632629423187,41.5,0.0,83.0,41.5,41.5,41.5,1722.25,20.75,62.25,41.5,41.5,553.591840699,249.918304536,380.654336153,398.330188408,84.664235636,7168.03279582,313.563336446,426.728487095,113.165150649,54.3358533065,-177.303644034,-177.303644034,570.220080974,196.45821847,-373.761862504,1.54531187256,5.47907327377,2.28439788918,2.60741224564,-0.00546167590477,-1.33011338969,-0.752754906093,1.16070849083,-2.48911490497,3.19056722534,-0.13314167459,2.02985873451,2.35597323038,1.04395281435,0.650671733082,0.0778409577682,-0.0743750963564,-0.00652519094108,-0.0125634723749,0.0356795262643,0.00127302859444,-0.0327113847683,-0.0032333508287,0.0294780339396,0.0190477013319,22.2773207365,1181.35874765,6.78941808991,36.7078039621,6.05869655637,-23.9564267887,-1181.35874765,-6.12102978054,28.534490272,5.34176845923,16.3773166749,587.22676199,6.82821816268,16.576876637,4.07147106548,-18.756869511,-1117.19921917,-3.97579793298,20.0922177512,4.48243435548,9564.98252306,1039637.51451,2832.79976705,9750698.75264,3122.61088716,0.0,0.0,0.0,0.0,0.0,262.276077217,49894.2121854,135.95153184,7018.30576884,83.7753291181,0.0,0.0,0.0,0.0,0.0,1654.72305822,1137.80128415,419848.673851,358.080861746,131.935734943,48684.2861938,9582.67287531,2818.86320685,1040160.52333,262.437703301,135.214667169,49894.2121854,0.263292043535,-0.367457520241,20.2158134804,0.644251281949,0.863819040469,-1.20556929213,66.3248473767,1.0368219351
1119207,1,2,8,1,2012-03-17 09:42:27,2012-03-17 09:49:26,57873.0,58292.0,0.116666666667,0.116666666667,0.116111111111,0.0,1.0,1.0,1.0,1.0,1.0,1.0,0.0,0.0,1.0,1.0,0.0,0.0,1.0,53.5317708333,27.4856491373,29.3122321429,35.0993334536,276.846299966,16.6386988664,1.27700580322,10.4818452381,42.8023065476,32.3204613095,15.7168229167,27.6171594202,29.4378645833,27.6171594202,274.538982961,16.5692179345,1.0,10.6534294395,42.8386160714,32.1851866319,15.6545994544,2.0,38.0,62.0,36.0,22.0,21.0,35.0,32.0,41.0,51.0,46.0,34.0,0.0,0.0,0.0,0.0,0.0,418.0,0.47619047619,9.04761904762,14.7619047619,8.57142857143,5.2380952381,5.0,8.33333333333,7.61904761905,9.7619047619,12.1428571429,10.9523809524,8.09523809524,0.0,0.0,0.0,0.0,0.0,1.18902964992,4.1549111008,8.2967752338,100.0,9.04534266683,13.222392395,3.75686766408,0.0,0.0,0.0,0.0,18.9011063189,18.8465845922,3.8871224976,0.0,15.3318374926,3.36803038826,100.0,0.0381281270668,0.124646765976,0.120469937548,0.108001251791,0.133233833499,0.266049295222,0.290053300678,0.423997044478,0.606094039352,0.604345713459,0.491639756944,0.0,0.0,0.0,0.0,0.0,3.20665906601,21.0,21.0,6.54887207143,6.54887207143,5.17454085857,-7.37495604121,1.7921604967,-1.85305915436,1.43392889732,-1.09743576529,1.32584428991,1.83511492566,1.75786308108,3.36764679037,0.610456487946,-3.04254285419,2.82311572098,-0.425677180078,2.21265923304,2.61686567411,0.957480376339,0.842569635938,0.507142857143,0.490476190476,0.12074829932,0.12074829932,213.0,205.0,50.7142857143,48.8095238095,10.1428571429,9.7619047619,1.0,2.0,33.0,37.0,8.21314691899,8.47913271567,67.4557823129,71.89569161,7.0,6.0,4.0,4.0,15.0,15.0,11.0,11.0,5.0,2.0,1.0,0.0,0.0,0.0,0.0,0.0,0.0,0.31185105102,0.0,0.0,0.0,0.0,0.0,0.0,0.0,0.0,0.0,0.0,0.0,547.68890192,249.899064212,384.527977863,414.562711972,82.4681103106,6800.9892182,310.257043352,427.84402865,117.586985298,54.748618315,178.172637221,178.172637221,579.886321215,379.029479218,-200.856841997,1.38068171718,4.2255896319,1.23865842882,0.550369532094,-0.00174693672651,-1.77749417696,-1.80482297677,0.154225198198,-2.64719978279,2.17211525599,-1.00693711043,2.01789005779,1.64026267237,0.497948964149,0.834861000708,0.0740020781467,-0.0876332524215,0.00971318635885,0.012000807266,0.0369801985327,0.00136753508352,-0.00944643107666,0.0411778105626,0.0506242416392,0.0269934043843,19.7069571981,1237.39163561,5.80935040192,22.1320308905,4.70446924642,-26.5634643716,-1237.39163561,-6.00675551266,44.2869343672,6.65484292581,12.6305701862,1132.94447804,3.70243293476,16.5384720326,4.06675202497,-11.4874289794,-600.374542068,-5.31304904485,9.81703837311,3.13321534101,6846.67920586,810676.011836,1934.78761775,4322400.22496,2079.03829329,0.0568885356061,0.0,0.0,0.0,0.0,234.615836112,50608.3698803,120.783698998,5285.6015127,72.7021424217,3.77162865894,0.0,0.0,0.0,0.0,1637.07877918,1149.37985844,482739.540546,286.342619357,103.150593987,43323.2494743,6852.42022031,1931.54915671,811250.645818,234.681399872,120.496118763,50608.3698803,0.343784570867,-0.240585693391,17.7250644264,1.09423533961,1.12790213539,-0.789323141046,58.153098512,1.76100107839
1119207,1,3,9,2,2012-03-18 10:39:23,2012-03-18 10:45:39,147689.0,148065.0,0.104722222222,0.0627777777778,0.0616666666667,0.0419444444444,0.599469496021,0.598404255319,152.0,1.0,1.67111111111,1.0,10.0442713849,100.887387654,1.0,1.0,0.0,0.0,1.0,55.1182291667,36.3814419379,41.9751116071,41.4998297197,241.158911571,15.5292920499,1.14068677626,24.801655506,49.2241443452,24.4224888393,8.63835565476,37.0369634143,42.2559151786,37.0369634143,221.225592248,14.8736543004,1.0,25.5789248512,49.2419642857,23.6630394345,8.27466517857,4.0,6.0,9.0,12.0,14.0,13.0,12.0,12.0,16.0,38.0,46.0,42.0,2.0,0.0,0.0,0.0,0.0,222.0,1.76991150442,2.65486725664,3.98230088496,5.30973451327,6.19469026549,5.75221238938,5.30973451327,5.30973451327,7.0796460177,16.814159292,20.3539823009,18.5840707965,0.884955752212,0.0,0.0,0.0,0.0,0.288513483743,3.47367063571,4.06552117271,100.0,4.7469823186,7.41260598126,1.75224211127,0.0,0.0,0.0,0.0,19.6296895692,26.8588261642,0.79784259103,1.33953904065,26.620788921,3.01377801062,100.0,0.00658949239418,0.0182222945602,0.0400202649636,0.0688330646495,0.0793367642196,0.0928543113426,0.108418516452,0.169299923528,0.448331524884,0.613441106564,0.608004464286,0.0305943493717,0.0,0.0,0.0,0.0,2.28394607722,8.0,8.0,3.50270966544,3.50270966544,5.99958469687,-6.76565629955,1.69137536745,-1.84944783169,1.28038719576,-1.06846254442,1.50288883571,1.75157124695,2.2586748525,3.06800183313,0.533194565625,-2.93584392121,2.49497080513,-0.455168754241,1.96177623951,2.48067516696,0.812450581473,0.838422809598,0.517699115044,0.473451327434,0.229070404887,0.229070404887,117.0,105.0,31.0344827586,27.8514588859,14.625,13.125,2.0,5.0,29.0,25.0,10.1850073638,7.42356888565,103.734375,55.109375,13.0,11.0,6.0,7.0,23.5,16.75,17.5,9.75,9.5,4.0,2.0,0.0,0.0,1.0,0.0,0.0,0.0,0.875677416359,76.5,0.0,153.0,76.5,76.5,76.5,5852.25,38.25,114.75,76.5,76.5,546.669506163,257.724414236,392.072203147,397.702849482,90.7824127554,8241.44646569,311.252548854,469.858059186,158.605510333,82.9732323256,-109.540550767,-109.540550767,468.349633087,179.40454116,-288.945091927,2.07234350924,4.381866799,1.86879730375,1.3903815368,-0.0474159373194,-2.25738353068,-2.43735816788,0.930613781332,-3.11673118043,2.76875201695,-1.21344019418,1.83813823562,1.90329098624,0.972696391709,0.87134873008,0.0792002988893,-0.0633064942066,-0.00110142194093,-0.0197876523483,0.0445988681699,0.00198905904204,-0.0384850664532,0.0364162838494,0.0749013503026,0.0284023936302,17.5810414645,745.449696904,6.3713649308,17.762181074,4.21452026617,-25.9935560297,-745.449696904,-6.96681959723,45.2039070095,6.72338508562,13.0976930967,536.25217928,5.58596020083,12.3336570897,3.51193067837,-14.0733099748,-863.676215975,-6.74747043731,12.7136218668,3.56561661803,7466.52199069,721222.450093,3219.74308077,5518260.67458,2349.0978427,0.0,0.0,0.0,0.0,0.0,241.492365447,36045.861279,160.919023567,4434.1971607,66.5897676877,0.0,0.0,0.0,0.0,0.0,1634.03173704,1171.93005268,264856.191905,303.566110028,156.355366847,35336.3129075,7479.88509069,3192.62640973,721533.568598,241.636377387,159.494961411,36045.861279,0.271548007458,-0.36062710879,19.8098985102,0.691961799255,0.89090553628,-1.18315980574,64.9931053483,1.11360456986
1119207,1,4,10,19,2012-03-19 08:24:13,2012-03-19 09:00:50,225979.0,228176.0,0.610555555556,0.441111111111,0.430555555556,0.169444444444,0.722474977252,0.72234865726,69.0,1.0,1.38437303088,1.0,3.99302577661,15.9442548527,1.0,1.0,0.0,0.0,1.0,56.3392113095,23.9465092745,21.8661830357,32.8149812904,288.418420245,16.9828860988,1.37034508514,7.20256696429,42.2415922619,35.0390252976,16.7593675595,24.5335849857,22.4204985119,24.5335849857,281.086251596,16.7656270863,1.0,8.03683035714,42.6395833333,34.6027529762,16.6434895833,38.0,258.0,213.0,115.0,126.0,141.0,85.0,77.0,71.0,207.0,221.0,30.0,6.0,0.0,0.0,0.0,0.0,1550.0,2.39294710327,16.2468513854,13.4130982368,7.24181360202,7.93450881612,8.87909319899,5.35264483627,4.84886649874,4.47103274559,13.0352644836,13.9168765743,1.88916876574,0.377833753149,0.0,0.0,0.0,0.0,2.30211308787,8.3381559128,6.07159883907,100.0,6.57721964857,7.05869245375,3.84200867434,0.0,0.0,0.0,0.0,23.3933056306,27.4934188529,4.20349494521,0.881218674629,4.06947264081,5.76930063937,100.0,0.243173847184,0.444018168713,0.405834116133,0.609415340815,0.880765355283,0.641347315228,0.69475640191,0.745614717675,2.4710515563,2.9041494399,0.429861297123,0.0930837570271,0.0,0.0,0.0,0.0,10.5630713133,78.0,78.0,7.384215981,7.384215981,6.7062912067,-8.61655949799,1.69457936563,-1.67524956298,1.13153795558,-1.0046232442,1.58672334004,1.70789058944,2.51769095782,2.9168902655,0.377497605636,-2.7023121221,2.73473648463,-0.306101260045,2.35723887899,2.39621086205,0.921359336384,0.830020029911,0.491183879093,0.49685138539,0.030930974754,0.030930974754,780.0,770.0,35.4868061874,35.0318471338,10.0,9.87179487179,1.0,1.0,33.0,31.0,7.61072118285,7.61806048128,57.9230769231,58.0348454964,7.0,7.0,4.0,4.0,15.0,12.0,11.0,8.0,3.0,3.5,19.0,8.0,8.0,2.0,0.0,0.0,0.0,1.79871927742,34.0,0.0,70.0,31.0,34.0,17.8973682276,320.315789474,19.5,46.5,27.0,13.0,657.35532504,148.710464341,416.850782251,420.456216796,137.969443644,19035.5673795,280.216136402,501.545432718,221.329296316,103.544580236,113.24709401,113.24709401,1886.52894091,999.888017461,-886.640923452,1.18799051695,6.86221146706,1.15593990458,0.739623775509,-0.000112674479197,-1.2594331299,-0.457891606203,0.151952882217,-1.72615908003,1.55972368881,-0.148668525108,1.40777080659,1.57749055493,0.624723204341,0.449757607474,0.104465212132,-0.130753328942,0.00310187519345,0.00442787100373,0.040292245426,0.00162346504147,-0.016749049596,0.0219795017277,0.0387285513238,0.0195135484141,23.2121680266,3795.07536177,4.86548123304,26.5129288323,5.14907067657,-31.0676787777,-3795.07536177,-4.80998144711,33.9324985286,5.82516081568,20.5116092942,2988.7321967,3.45518173029,16.3198253807,4.03978036293,-23.921229099,-2650.22905421,-3.76452990654,27.5490265886,5.2487166611,7969.12491826,2504785.50572,1596.42160977,3761929.16302,1939.56932411,0.0,0.0,0.0,0.0,0.0,246.793733615,166709.278751,106.25193037,5462.79324369,73.910711292,0.0,0.0,0.0,0.0,0.0,1964.87905676,1245.9948838,1978639.87548,317.164301473,86.1184762709,136756.140318,7988.06236189,1578.43114104,2506548.65198,246.989120142,104.980654125,166709.278751,0.291738608337,-0.271826208336,17.16645898,0.98999378176,0.957147665147,-0.89181826882,56.3204034777,1.59324055271
1119207,1,5,11,9,2012-03-20 08:16:06,2012-03-20 08:38:15,311892.0,313221.0,0.369444444444,0.276388888889,0.271388888889,0.0930555555556,0.748120300752,0.747930775019,66.0,1.0,1.3370221328,1.0,4.06562089045,16.5292732249,1.0,1.0,0.0,0.0,1.0,53.1178571429,22.3429475761,19.4454613095,30.689341527,245.329939865,15.6630118389,1.37355831957,7.81246279762,37.771391369,29.9589285714,13.103422619,22.7545883708,19.96875,22.7545883708,240.483119564,15.5075181626,1.0,8.20290178571,38.1398065476,29.9369047619,13.2523065476,18.0,118.0,176.0,119.0,76.0,84.0,60.0,62.0,71.0,110.0,77.0,24.0,0.0,0.0,0.0,0.0,0.0,977.0,1.80904522613,11.8592964824,17.6884422111,11.959798995,7.63819095477,8.44221105528,6.03015075377,6.23115577889,7.13567839196,11.0552763819,7.73869346734,2.41206030151,0.0,0.0,0.0,0.0,0.0,1.89703894923,8.40904537896,7.3761146093,100.0,9.00191566036,12.062682679,6.56512822114,0.0,0.0,0.0,0.0,20.8547535719,16.4845124376,5.77909350414,0.0,5.53256983583,6.0371451525,100.0,0.117148651621,0.356878814679,0.40541915027,0.372814387676,0.519287349353,0.455500337003,0.555899119544,0.744911964699,1.28785245122,1.01797509507,0.341655133929,0.0,0.0,0.0,0.0,0.0,6.17534245507,41.0,41.0,6.63930790856,6.63930790856,6.6146245192,-8.66250196875,1.80670702778,-2.2145415713,1.39344277701,-1.65578410647,1.4939270642,1.94522985508,2.23181807314,3.7839191891,0.577882075781,-3.48846309442,2.75065538705,-0.612748155134,2.17277331127,2.87571493929,0.967301807143,1.23990107545,0.545728643216,0.445226130653,0.0548470998207,0.0548470998207,543.0,434.0,40.8270676692,32.6315789474,13.243902439,10.5853658537,2.0,1.0,44.0,26.0,9.99946459007,6.0966828636,99.989292088,37.1695419393,10.0,9.0,5.0,6.0,19.0,15.0,14.0,9.0,7.0,4.0,9.0,2.0,4.0,2.0,0.0,0.0,0.0,1.4574090531,39.0,0.0,67.0,38.0,39.0,21.6692306175,469.555555556,22.0,60.0,38.0,20.0,564.085092025,145.309610786,342.057238844,373.136084851,97.9289098334,9590.07138115,241.184207886,421.75973294,180.575525054,68.1665871225,-79.1664770784,-79.1664770784,1164.91508716,542.874305043,-622.040782122,1.17076893182,6.75467256761,1.07927297225,0.504657879187,-0.00409923802803,-1.28786911412,-0.498242634073,0.0551549947335,-1.50439703019,1.40921044649,-0.0918590044478,1.35405545175,1.41253802574,0.481804429094,0.44670437173,0.105339463078,-0.0989665163795,-0.00220448259739,0.000336850503225,0.0421366006912,0.00177549311781,-0.0158683901447,0.0238390903612,0.0397074805059,0.0198536456532,23.8659577895,2834.23761325,5.21959044797,25.0610966841,5.00610594016,-42.8578992598,-2834.23761325,-6.3978275694,54.5617987622,7.38659588459,20.1901683273,1622.68762692,3.22601913901,18.3750766228,4.28661598733,-22.7565585721,-1859.32152473,-3.84952696632,30.6082563718,5.53247289842,6658.30914653,1283217.72805,1301.43785806,2961281.68884,1720.83749635,0.0,0.0,0.0,0.0,0.0,232.443914257,97460.9425792,98.8447693501,4654.21618043,68.2218160154,0.0,0.0,0.0,0.0,0.0,1686.08808864,1022.43197738,1017319.81749,281.931671648,74.3959342401,74023.9545689,6694.69502187,1291.13563725,1284679.95907,232.866816816,97.9506960595,97460.9425792,0.33010881366,-0.353919231993,16.0697902215,1.27831152654,1.08303416555,-1.16115233593,52.7224088632,2.05724298536
1119207,1,5,11,10,2012-03-20 08:45:15,2012-03-20 09:11:31,313641.0,315217.0,0.438055555556,0.3325,0.326944444444,0.105555555556,0.759036144578,0.758883248731,204.0,1.0,1.31772575251,1.0,6.19629192532,38.3940336238,1.0,1.0,0.0,0.0,1.0,57.0104910714,30.5858599769,32.0270089286,38.4866363078,317.638291323,17.8224098069,1.25831467014,13.3771577381,48.1425595238,34.7654017857,17.0619047619,31.1055857199,32.709375,31.1055857199,306.869339786,17.517686485,1.0,13.9908482143,48.2488095238,34.2579613095,16.7202380952,20.0,64.0,154.0,94.0,74.0,84.0,78.0,77.0,87.0,88.0,154.0,154.0,69.0,0.0,0.0,0.0,0.0,1177.0,1.67084377611,5.34670008354,12.865497076,7.8529657477,6.1821219716,7.01754385965,6.51629072682,6.43274853801,7.26817042607,7.35171261487,12.865497076,12.865497076,5.76441102757,0.0,0.0,0.0,0.0,0.655857347553,5.21046304054,5.74420122687,100.0,6.86515371183,8.85853598514,3.17976489067,0.0,0.0,0.0,0.0,10.1815622762,20.1544931192,3.12379344685,10.5457077636,21.9304014275,3.55006576397,100.0,0.0666993703153,0.317683497299,0.323375680321,0.361034532766,0.529893589134,0.584173686894,0.698172295249,0.90089525463,1.03544436177,2.0496713273,2.23027762277,1.07247722388,0.0,0.0,0.0,0.0,10.1697984423,48.0,48.0,4.71985755394,4.71985755394,7.241722876,-7.75958509687,1.96828766039,-2.15227222123,1.44331382009,-1.36659753281,1.61692798336,1.9893914781,2.61445610336,3.95767845315,0.640275443136,-3.47634999643,3.11159296908,-0.561949532478,2.47131752595,2.91440046395,1.02344765324,1.08199429353,0.517961570593,0.473684210526,0.0432716433244,0.0432716433244,620.0,557.0,39.3151553583,35.3202282815,12.9166666667,11.6041666667,1.0,1.0,45.0,47.0,10.0225440328,9.33572792942,100.451388889,87.1558159722,9.5,9.0,5.75,5.0,17.5,14.0,11.75,9.0,4.5,4.0,10.0,6.0,2.0,1.0,0.0,0.0,0.0,0.98330365707,39.8,0.0,205.0,18.5,39.8,56.3521073253,3175.56,16.25,35.0,18.75,6.0,634.156599677,184.966764065,476.536723952,478.983193027,114.040828928,13005.3106625,415.771824469,570.113324229,154.341499759,73.4722896034,191.287591919,191.287591919,1636.95158821,914.119590062,-722.831998143,1.36754518647,8.69459972799,1.44868397791,1.09816329129,-0.000192416872551,-1.30005755062,-0.95498913662,0.172678673341,-1.96171136842,2.09204549103,-0.237875365221,1.91936681768,1.7238360032,0.952899113221,0.766027072924,0.108489062109,-0.103490687437,0.00257385155915,0.000861935908624,0.034135195316,0.00116521155926,-0.0206693130431,0.0269631756134,0.0476324886565,0.0235153065802,27.3981851319,4091.50490012,6.5992014518,32.3578041255,5.68839205096,-32.137854793,-4091.50490012,-7.2160580249,49.2820189416,7.02011530828,25.9887404296,2732.36462758,4.33021335591,22.616881464,4.75572091948,-19.5181027191,-2160.59321437,-3.88595901865,14.0565594622,3.74920784462,8274.95282092,3046110.71059,2566.22637792,6951025.46192,2636.47974806,0.0,0.0,0.0,0.0,0.0,249.911274071,160502.538805,135.216966137,5986.68653547,77.373681155,0.0,0.0,0.0,0.0,0.0,1895.53651419,1424.40015773,1705006.9888,324.7673316,125.216044995,149883.605859,8277.01044694,2546.47270375,3048127.82639,249.931987,134.087334006,160502.538805,0.309137975635,-0.27420293865,19.2933314023,0.83049669814,1.01423220353,-0.899615940451,63.2983313723,1.33655487817
1119207,1,5,11,3,2012-03-20 10:04:55,2012-03-20 10:09:10,318421.0,318676.0,0.0711111111111,0.06,0.0583333333333,0.0111111111111,0.84375,0.843137254902,27.0,1.0,1.18604651163,1.0,2.00529315787,4.021200649,1.0,1.0,0.0,0.0,1.0,41.1857886905,19.9619278412,16.1103794643,26.2695353458,164.313273187,12.8184739024,1.31598188085,8.21155133929,33.247953869,25.0364025298,10.3834077381,20.5322686366,18.2541108631,20.5322686366,157.297547709,12.541831912,1.0,8.37669270833,33.4406436012,25.0639508929,11.619047619,6.0,11.0,58.0,25.0,16.0,11.0,16.0,44.0,19.0,10.0,0.0,0.0,0.0,0.0,0.0,0.0,0.0,210.0,2.77777777778,5.09259259259,26.8518518519,11.5740740741,7.40740740741,5.09259259259,7.40740740741,20.3703703704,8.7962962963,4.62962962963,0.0,0.0,0.0,0.0,0.0,0.0,0.0,0.985099581782,5.90055180929,10.1212712105,100.0,34.0360826588,16.318936364,6.83045162426,0.0,0.0,0.0,0.0,9.45796374564,0.0,10.0258291843,0.0,0.0,6.32381382142,100.0,0.0117986920607,0.120080927235,0.0818093894676,0.0757413091104,0.070671833664,0.121224051339,0.407655495618,0.195454458085,0.113279513889,0.0,0.0,0.0,0.0,0.0,0.0,0.0,1.19771567047,12.0,12.0,10.0190723858,10.0190723858,5.58697547612,-6.61451539219,1.71908783992,-1.90631522842,0.963536925335,-0.969702601339,1.60093412646,1.90275482958,2.56299007728,3.6204759415,0.515215890904,-3.26311582098,3.06859692757,-0.412609220759,2.55338103666,2.85050660022,0.631026929129,0.780585494866,0.518518518519,0.467592592593,0.240054869684,0.240054869684,112.0,98.0,43.75,38.28125,9.33333333333,8.16666666667,2.0,2.0,22.0,22.0,7.1918163368,4.96375753728,51.7222222222,24.6388888889,7.0,7.5,2.75,5.0,15.25,10.0,12.5,5.0,5.0,2.5,3.0,2.0,0.0,0.0,0.0,0.0,0.0,2.50476809644,14.6666666667,0.0,28.0,16.0,14.6666666667,11.4697670227,131.555555556,8.0,22.0,14.0,12.0,588.313416215,540.916857836,558.915856157,555.484678214,15.6749606137,245.704390242,545.969953518,570.80769272,24.8377392017,11.500108261,40.0300899381,40.0300899381,80.4526442922,60.2413671152,-20.2112771771,0.372465945797,1.57490598012,0.456373993297,0.394269279718,-0.00864870254725,-0.249521940458,-0.138650177136,0.179158534348,-0.343093155621,0.689826197418,-0.10139564947,0.51066766307,0.241697506151,0.237812419644,0.0662111884952,0.0343651033527,-0.0194089846253,0.00435485153775,0.00599440455158,0.0129146631267,0.000166788523677,-0.00904709424313,0.0164062616981,0.0254533559413,0.0125799361923,15.3302654109,430.425861148,3.84308804596,15.6296517538,3.9534354369,-18.5661212236,-430.425861148,-4.26164218958,24.47747737,4.94747181599,4.70749936728,180.06547766,1.36413240651,1.23308710579,1.11044455323,-2.62825684181,-60.4128600209,-0.745837778036,0.509009785976,0.713449217518,3119.88321244,174701.38652,820.194302913,896245.095198,946.702220975,0.0,0.0,0.0,0.0,0.0,180.541391521,18902.6760921,88.7449581788,3078.89041471,55.487750132,0.0,0.0,0.0,0.0,0.0,1758.508171,1670.6368967,360857.569688,169.495255948,56.2355001802,12146.8680389,3120.69495243,809.77866595,174912.191845,180.557048538,87.5123893152,18902.6760921,0.28916883712,-0.227093428482,13.4636206116,1.59524634407,0.948716657219,-0.74505718006,44.1719836339,2.56730013235
1119207,1,5,11,1,2012-03-20 10:25:45,2012-03-20 10:30:23,319671.0,319949.0,0.0775,0.0775,0.0769444444444,0.0,1.0,1.0,1.0,1.0,1.0,1.0,0.0,0.0,1.0,1.0,0.0,0.0,1.0,72.9078869048,38.000396292,42.6907738095,48.6926760048,545.758659863,23.3614781181,1.28137284755,13.3514508929,59.4365699405,46.0851190476,22.9236607143,38.2747673844,43.1632440476,38.2747673844,539.197665865,23.220630178,1.0,13.4513392857,59.4566220238,46.0052827381,22.0426339286,2.0,14.0,22.0,50.0,17.0,5.0,6.0,5.0,9.0,15.0,13.0,10.0,52.0,23.0,24.0,12.0,0.0,277.0,0.716845878136,5.01792114695,7.8853046595,17.9211469534,6.09318996416,1.79211469534,2.15053763441,1.79211469534,3.22580645161,5.37634408602,4.65949820789,3.58422939068,18.6379928315,8.24372759857,8.60215053763,4.30107526882,0.0,0.455470716235,1.0566860824,1.59967060972,100.0,1.50953174572,3.17119093945,6.04042149177,13.3504938082,15.1905341371,8.14637606621,0.0,6.02011829883,5.68585232138,1.6513768885,28.3399634897,5.03643893456,2.74587447022,100.0,0.0134137524802,0.0486335565476,0.177892268105,0.0808668464782,0.0311197296627,0.0471107907573,0.0444561735284,0.093392547123,0.177294332837,0.16745009714,0.148324673446,0.83462062872,0.39317614294,0.447365895751,0.239913277116,0.0,2.94503071263,12.0,12.0,4.07466039268,4.07466039268,5.72971360379,-7.11977344353,1.48689550989,-1.74245567565,0.910992270536,-0.994965503906,1.53493851199,1.77556532802,2.35603623559,3.15263223406,0.425677180078,-2.539139962,2.00818250006,-0.391274890513,1.58250531998,2.14786507148,0.588849340179,0.859156941295,0.537634408602,0.458781362007,0.192700504875,0.192700504875,150.0,127.0,53.7634408602,45.5197132616,12.5,10.5833333333,3.0,2.0,25.0,26.0,7.08872343938,7.78308350777,50.25,60.5763888889,11.5,6.5,6.0,5.0,16.0,14.25,10.0,9.25,5.5,3.5,1.0,0.0,0.0,0.0,0.0,0.0,0.0,0.339555032724,0.0,0.0,0.0,0.0,0.0,0.0,0.0,0.0,0.0,0.0,0.0,604.31293284,544.36053027,573.736689874,580.500967055,17.4402647848,304.162835765,558.518514096,583.337455775,24.8189416789,14.6962194318,17.3554072187,17.3554072187,175.943329868,96.6493685435,-79.2939613248,0.630621254008,5.5782693946,0.653036273943,0.216272499322,-0.00215315972525,-0.609953548652,-0.131866786161,0.0706819703792,-0.706549612104,0.602895253998,-0.0720385546578,0.532213283619,0.634511057446,0.182546245938,0.115013979728,0.0531352009315,-0.0669112691397,0.000648462377081,0.000621255520494,0.0152104290232,0.00023135715107,-0.00370804054285,0.00607710183135,0.0097851423742,0.00514522964405,23.6117545023,929.728969401,6.19819312934,42.5511685418,6.5231256727,-39.3209199541,-929.728969401,-7.26350757345,74.2113781984,8.61460261407,16.6738205182,288.891430352,1.951969124,10.9466529928,3.30857265189,-14.1406496983,-237.014956752,-1.82319197501,8.67664616257,2.94561473424,17266.3422486,1438384.191,5174.04385252,27703211.107,5263.38399767,0.0351253646454,0.0,0.0,0.0,0.0,319.347862038,46479.2796944,167.191653577,10414.687567,102.052376587,3.21164565315,0.0,0.0,0.0,0.0,1806.33179688,1714.93736049,478467.523578,531.143407779,198.824432008,55472.0165303,17311.4199283,5157.03508241,1438812.78799,319.625610999,166.592400338,46479.2796944,0.202292446586,-0.191347044179,24.6367315713,0.33328324685,0.663689129219,-0.627779016336,80.8291718219,0.536367393619
1119207,1,5,11,4,2012-03-20 10:50:27,2012-03-20 11:00:30,321153.0,321756.0,0.167777777778,0.151666666667,0.149444444444,0.0161111111111,0.903973509934,0.903814262023,24.0,1.0,1.10642201835,1.0,1.45124275939,2.10610554667,1.0,1.0,0.0,0.0,1.0,58.7744047619,28.7998060843,29.2082217262,36.739013016,293.454755449,17.1305211669,1.27566876348,13.2322730655,42.8584263393,29.6261532738,15.1544270833,29.2280559889,29.8329613095,29.2280559889,285.301482746,16.8908698043,1.0,13.602046131,43.133203125,29.531156994,14.9139880952,8.0,35.0,52.0,64.0,52.0,36.0,32.0,43.0,41.0,66.0,53.0,22.0,42.0,0.0,0.0,0.0,0.0,538.0,1.4652014652,6.41025641026,9.52380952381,11.7216117216,9.52380952381,6.59340659341,5.86080586081,7.87545787546,7.50915750916,12.0879120879,9.70695970696,4.0293040293,7.69230769231,0.0,0.0,0.0,0.0,0.769988035233,5.14915336215,5.67449716035,100.0,8.86782854324,9.7505303412,5.07565814746,0.0,0.0,0.0,0.0,17.7269646905,16.0377849919,2.57508503099,15.3488599116,7.32222704063,5.70142274467,100.0,0.0336328509213,0.112478956807,0.221703255102,0.249036468667,0.224913504464,0.247860367063,0.387344142692,0.425900297619,0.774308604084,0.700525731647,0.319832723628,0.670433686756,0.0,0.0,0.0,0.0,4.36797058945,22.0,22.0,5.03666394942,5.03666394942,6.45398956205,-8.02716452277,1.91965840247,-1.91965840247,1.3957344442,-1.35393879978,1.68453113342,1.72100826481,2.83764513947,2.96186944755,0.525173730469,-2.90065046083,3.22268426417,-0.557966396652,2.69751053371,2.34268406417,1.08472246875,0.969484347321,0.496336996337,0.496336996337,0.0909042117833,0.0909042117833,271.0,267.0,44.8675496689,44.2052980132,12.3181818182,12.1363636364,1.0,3.0,43.0,49.0,9.75325756134,9.90085145349,95.1260330579,98.0268595041,9.0,9.0,5.25,6.25,19.0,14.5,13.75,8.25,5.0,3.5,4.0,3.0,0.0,0.0,0.0,0.0,0.0,0.915757081712,16.0,0.0,25.0,19.5,16.0,9.66953980291,93.5,12.75,22.75,10.0,4.0,1247.31699263,601.304096997,816.793125543,723.279359677,220.819953404,48761.4518214,629.666160409,989.197247938,359.53108753,113.552038815,30.1876567519,30.1876567519,1282.54745169,656.367554221,-626.179897469,2.34898800676,9.93939956222,2.33582759509,0.766241378295,-0.00389516788425,-2.39915669529,-2.09809701266,0.225912894878,-3.33220050485,4.41984414281,-0.309452951319,4.19393124794,3.02274755353,0.666819948734,1.73538837539,0.116940056404,-0.117706721623,-0.00577942182855,0.00393195949651,0.0592590318481,0.00351163285557,-0.0457873061687,0.021603470572,0.0673907767407,0.0479940222231,18.1101394107,1647.38619633,6.07891585363,26.6728602527,5.16457745152,-40.6651382372,-1647.38619633,-6.07891585363,40.0644684863,6.32964994975,29.7095304361,1961.92654368,6.98194499532,73.8638193337,8.59440628163,-25.3025353049,-1871.69361749,-7.17123991377,42.990671935,6.55672722744,9065.32480629,1208671.8594,2230.02188081,6706868.86547,2589.76231834,0.0,0.0,0.0,0.0,0.0,257.62724786,68936.5057733,127.189125043,5548.35201774,74.4872607748,0.0,0.0,0.0,0.0,0.0,3728.31396141,2441.44931204,1333031.32438,345.174935368,112.201201269,61261.8558926,9069.30225819,2215.09120328,1209439.79699,257.664922558,126.257336581,68936.5057733,0.38715027863,-0.374314079353,18.5440635918,1.12582207582,1.2701780795,-1.2280645648,60.8401036477,1.8118350028
1119207,1,5,11,1,2012-03-20 11:08:54,2012-03-20 11:12:23,322260.0,322469.0,0.0583333333333,0.0583333333333,0.0577777777778,0.0,1.0,1.0,1.0,1.0,1.0,1.0,0.0,0.0,1.0,1.0,0.0,0.0,1.0,28.548735119,15.9425809004,16.0578497024,18.932713224,57.8917063447,7.60865995723,1.18755635253,9.52101934524,23.0532366071,13.5322172619,6.76220238095,16.0958749475,16.3121651786,16.0958749475,55.9809555547,7.48204220482,1.0,9.56912202381,23.0966145833,13.5274925595,6.78046875,2.0,15.0,43.0,35.0,39.0,43.0,33.0,0.0,0.0,0.0,0.0,0.0,0.0,0.0,0.0,0.0,0.0,208.0,0.952380952381,7.14285714286,20.4761904762,16.6666666667,18.5714285714,20.4761904762,15.7142857143,0.0,0.0,0.0,0.0,0.0,0.0,0.0,0.0,0.0,0.0,1.85809537059,28.6195397328,26.272854442,100.0,0.0,0.0,13.0539202333,0.0,0.0,0.0,0.0,0.0,0.0,9.93239544644,0.0,0.0,20.2631947749,100.0,0.0172799875303,0.0923696771316,0.121399354642,0.188444446167,0.266157107722,0.244333312665,0.0,0.0,0.0,0.0,0.0,0.0,0.0,0.0,0.0,0.0,0.929983885858,10.0,10.0,10.7528744875,10.7528744875,4.81217371272,-5.7249120154,1.51937722681,-1.89513718613,1.14957119381,-1.40850230424,1.12978894634,1.69989478145,1.27642306328,2.889642268,0.601726327232,-2.8428677096,2.35381501908,-0.40540683817,1.75208869185,2.43746087143,0.725230819587,1.13404787679,0.552380952381,0.442857142857,0.263038548753,0.263038548753,116.0,92.0,55.2380952381,43.8095238095,11.6,9.2,7.0,1.0,18.0,30.0,4.0049968789,7.74338427304,16.04,59.96,10.5,8.5,8.25,4.5,14.5,10.0,6.25,5.5,3.0,3.0,1.0,0.0,0.0,0.0,0.0,0.0,0.0,1.07528744875,0.0,0.0,0.0,0.0,0.0,0.0,0.0,0.0,0.0,0.0,0.0,658.182076552,616.523294419,638.395481753,639.810909662,11.5172799044,132.647736397,630.776664338,645.193445847,14.4167815085,8.91205679135,13.5512413483,13.5512413483,83.1085360132,48.3298886808,-34.7786473325,0.395754933396,1.84555353511,0.596665292355,0.422497576107,-0.00627671819746,-0.271708182285,-0.219987898045,0.0966153620216,-0.404432955907,0.960268864727,-0.0523587933746,0.863653502705,0.352074162532,0.361293077547,0.173493460357,0.0572772246196,-0.0355184491947,0.00231050036323,-0.00342697925782,0.0208691494098,0.000435521397089,-0.0117770853857,0.00669128356526,0.018468368951,0.00858994942178,9.31132277915,351.980021346,3.03431052884,4.43134202258,2.10507530093,-14.1701248674,-351.980021346,-3.78473141232,16.017894362,4.00223617019,5.5164830209,144.461271503,1.78347248769,2.77008243475,1.66435646264,-3.7658000757,-103.955704264,-0.812153939561,0.657393970803,0.810798353972,1032.364728,63510.6238642,303.878583082,92490.5068662,304.122519499,0.0663154838366,0.0,0.0,0.0,0.0,124.8746609,14677.2598862,70.2261238573,1083.5824742,32.9178139342,3.96940723038,0.0,0.0,0.0,0.0,1967.35027236,1908.20681639,400723.431441,81.4397656917,31.1815375505,6548.12288559,1039.3690277,303.143127966,63660.056873,125.156650303,69.8917137437,14677.2598862,0.26881143354,-0.241747531692,9.21246886113,3.16734718809,0.881927275395,-0.793134946495,30.2246353711,5.09735119307
1119207,1,5,11,1,2012-03-20 11:17:52,2012-03-20 11:22:56,322798.0,323102.0,0.0847222222222,0.0847222222222,0.0841666666667,0.0,1.0,1.0,1.0,1.0,1.0,1.0,0.0,0.0,1.0,1.0,0.0,0.0,1.0,50.0927083333,24.9310055011,22.7436755952,32.9010639715,253.7613931,15.9298899274,1.31968459796,10.0982886905,42.1927083333,32.0944196429,14.1378720238,25.0955665935,22.7441964286,25.0955665935,251.30663194,15.8526537823,1.0,10.1292782738,42.20390625,32.0746279762,14.0568452381,2.0,19.0,53.0,35.0,28.0,38.0,25.0,8.0,12.0,22.0,60.0,3.0,0.0,0.0,0.0,0.0,0.0,303.0,0.655737704918,6.22950819672,17.3770491803,11.4754098361,9.18032786885,12.4590163934,8.19672131148,2.62295081967,3.93442622951,7.2131147541,19.6721311475,0.983606557377,0.0,0.0,0.0,0.0,0.0,1.02915390929,11.4258675798,9.00873360957,100.0,3.47699865909,5.88575157595,5.49960196919,0.0,0.0,0.0,0.0,12.326771421,37.8397778211,5.19729274031,0.0,1.97288814074,6.33716257394,100.0,0.0217378937252,0.109777746776,0.116163153108,0.133854193535,0.24133833912,0.190283389137,0.0734415199239,0.124319444444,0.260367321842,0.799255642361,0.0416715443122,0.0,0.0,0.0,0.0,0.0,2.11221018829,14.0,14.0,6.62812824105,6.62812824105,5.58097349062,-6.08634066897,1.53862232982,-1.68717896856,1.21643876853,-1.24699433103,1.27065331139,1.61215134024,1.61455983773,2.59903194384,0.578209456808,-2.49006008973,2.1535669577,-0.344404840179,1.57535750089,2.14565524955,0.701359286384,1.02677602701,0.52131147541,0.475409836066,0.170921795216,0.170921795216,159.0,144.0,52.131147541,47.2131147541,11.3571428571,10.2857142857,4.0,4.0,31.0,27.0,8.29463805167,6.58383921246,68.8010204082,43.3469387755,7.5,7.5,6.0,5.25,15.0,12.5,9.0,7.25,2.0,3.0,1.0,0.0,0.0,0.0,0.0,0.0,0.0,0.473437731503,0.0,0.0,0.0,0.0,0.0,0.0,0.0,0.0,0.0,0.0,0.0,646.40817349,416.73384493,527.776485047,501.612354365,94.7550758166,8978.52439302,434.052303327,640.241229231,206.188925904,71.5996435921,-210.749516317,-210.749516317,284.464213289,36.8573484858,-247.606864803,0.932669551766,1.46289542763,0.542019830674,0.183021550228,-0.0162962846919,-1.04918163052,-0.382605156476,0.104803570711,-2.0241223854,1.17148624001,-0.133297096432,1.0666826693,1.89082528897,0.140202558132,0.315376372764,0.0268280870189,-0.0871421628792,-0.0161810879166,-0.0113898999762,0.0249602716603,0.000623015161354,-0.0292157926054,-0.00197060181267,0.0272451907927,0.0165545891442,16.0428045817,685.892121486,4.31378692758,15.2347066787,3.90316623765,-22.8125001631,-685.892121486,-4.73029049301,32.3869182323,5.69095055613,4.37269233016,110.169081118,1.62013354585,2.67560904853,1.63572890435,-13.6962166858,-740.113488747,-3.13607410486,12.3629932443,3.51610483978,5601.78259387,484926.67567,1595.15353839,3892980.37093,1973.06370169,0.0488399428641,0.0,0.0,0.0,0.0,219.435053185,33335.478538,109.656179401,4843.24263215,69.5934094017,3.58464146915,0.0,0.0,0.0,0.0,1932.1572882,1577.55923261,481155.565945,250.733174555,87.4637014785,26676.4289509,5614.77938692,1590.88572701,485220.146738,219.604670871,109.296650944,33335.478538,0.14126229534,-0.326579698779,16.891181411,0.495115139415,0.463458974211,-1.07145570466,55.417261847,0.796810578927
1119207,1,5,11,2,2012-03-20 14:51:28,2012-03-20 14:57:30,335614.0,335976.0,0.100833333333,0.0883333333333,0.0872222222222,0.0125,0.876033057851,0.875690607735,46.0,1.0,1.14195583596,1.0,2.52346213741,6.36786115893,1.0,1.0,0.0,0.0,1.0,49.7102678571,23.2497649075,20.0442708333,31.0796931282,239.880799691,15.4880857336,1.33677451156,8.65115327381,38.1986793155,29.5475260417,14.2278645833,23.5459402566,20.1911458333,23.5459402566,235.96287898,15.3610832619,1.0,8.82531622024,38.351171875,29.5258556548,14.2514632937,4.0,36.0,46.0,42.0,30.0,26.0,12.0,13.0,41.0,34.0,34.0,0.0,0.0,0.0,0.0,0.0,0.0,314.0,1.25786163522,11.320754717,14.465408805,13.2075471698,9.43396226415,8.17610062893,3.77358490566,4.08805031447,12.893081761,10.6918238994,10.6918238994,0.0,0.0,0.0,0.0,0.0,0.0,1.47270770891,7.63147754792,4.48400225037,100.0,5.64882618653,20.7488126809,7.33462357526,0.0,0.0,0.0,0.0,19.4669058538,21.6105530232,4.46238715503,0.0,0.0,7.13970401811,100.0,0.0302454287418,0.0916453495145,0.150633308532,0.146630188605,0.156729885349,0.0920892650463,0.116011594742,0.42612443163,0.399797536376,0.443822244957,0.0,0.0,0.0,0.0,0.0,0.0,2.05372923349,15.0,15.0,7.30378657292,7.30378657292,5.59377772634,-5.99303707634,1.73254475168,-1.75461538546,1.41668682991,-1.05362127121,1.28117137583,1.61922802435,1.64140009425,2.62189939483,0.67626007433,-2.5996236067,2.55219304036,-0.56541679517,1.87593296603,2.03420681153,0.798264070313,0.698303730134,0.5,0.493710691824,0.157232704403,0.157232704403,159.0,155.0,43.8016528926,42.6997245179,10.6,10.3333333333,1.0,3.0,30.0,28.0,9.0170209419,8.71524845059,81.3066666667,75.9555555556,7.0,6.0,4.0,4.0,15.0,18.0,11.0,14.0,3.0,3.0,2.0,0.0,1.0,0.0,0.0,0.0,0.0,0.973838209723,23.5,0.0,47.0,23.5,23.5,23.5,552.25,11.75,35.25,23.5,23.5,495.663356754,305.519913972,402.668803201,415.252066171,49.2225360977,2422.85805989,377.665218225,438.163094893,60.4978766678,27.2681494829,-113.613316511,-113.613316511,436.949272945,161.667978217,-275.281294728,1.37405431744,5.49427848495,1.18005823516,0.476217087841,-0.0406698615286,-1.53788432809,-1.2413743619,0.276794376905,-2.10491529879,1.92150464287,-0.589093018801,1.64471026597,1.51582227998,0.324988562943,0.736145677732,0.108266345552,-0.133509360936,-0.0119509595486,-0.013067184718,0.0571822895811,0.00326981424173,-0.0511742991447,0.0331825412024,0.084356840347,0.0407462034695,19.1548433859,805.707404689,5.06734216786,17.986718085,4.24107510957,-27.9137409391,-805.707404689,-5.13189429738,38.0901127391,6.17171878321,16.4227660686,483.236405712,3.5272730344,16.4311965378,4.05354123426,-14.9779846149,-822.834211767,-4.59683917188,13.1365826965,3.62444239801,5485.12563883,426099.138129,1348.41499408,2680590.75406,1637.25097467,0.0,0.0,0.0,0.0,0.0,217.901154781,32412.5161244,102.571253558,4561.77016695,67.5408777478,0.0,0.0,0.0,0.0,0.0,1481.57094313,1203.60399937,382746.071798,246.919267405,77.9826602583,24798.4859621,5487.15802296,1341.03256382,426448.355293,217.92806528,101.926151335,32412.5161244,0.257312099978,-0.360059964783,16.0573654123,0.997956538624,0.844199803079,-1.18129909706,52.6816450534,1.6060553677
1119207,1,5,11,8,2012-03-20 15:23:30,2012-03-20 15:37:18,337536.0,338364.0,0.230277777778,0.156944444444,0.1525,0.0733333333333,0.681544028951,0.68115942029,83.0,1.0,1.46808510638,1.0,4.88963760494,23.9085559077,1.0,1.0,0.0,0.0,1.0,54.6537946429,21.6473419063,17.108110119,30.2657471719,243.746944796,15.6123971509,1.39812764555,7.86703869048,37.642485119,29.7754464286,11.1890625,22.2782298308,18.5850446429,22.2782298308,236.795614715,15.3881647611,1.0,8.34367559524,37.9699404762,29.626264881,12.0689732143,16.0,60.0,100.0,79.0,52.0,56.0,24.0,19.0,47.0,65.0,29.0,18.0,0.0,0.0,0.0,0.0,0.0,549.0,2.83185840708,10.6194690265,17.6991150442,13.982300885,9.20353982301,9.91150442478,4.24778761062,3.36283185841,8.3185840708,11.5044247788,5.13274336283,3.18584070796,0.0,0.0,0.0,0.0,0.0,1.78251793529,10.2616605587,5.37271568655,100.0,5.09039456752,14.571431169,7.88963952938,0.0,0.0,0.0,0.0,22.664996314,11.1717016908,6.0207324941,0.0,7.7670379516,7.40717210303,100.0,0.0605597999657,0.204550174936,0.268044984144,0.251653490823,0.348632739367,0.182534257192,0.172942594659,0.495054181134,0.77002739542,0.379550750248,0.2638796813,0.0,0.0,0.0,0.0,0.0,3.39743004919,29.0,29.0,8.53586374999,8.53586374999,6.38349351429,-7.67959499933,1.89742051477,-2.06086872391,1.51511939196,-1.36932570804,1.43798325923,1.79882353135,2.06779585384,3.23576609693,0.69923130971,-3.15813563839,2.9528677346,-0.700049762277,2.25363642489,2.45808587612,0.977014110938,0.88709345558,0.513274336283,0.472566371681,0.0908450152714,0.0908450152714,290.0,259.0,34.9819059107,31.2424607961,10.0,8.93103448276,1.0,1.0,29.0,27.0,7.56580328256,6.55444589564,57.2413793103,42.9607609988,7.0,6.0,5.0,5.0,15.0,12.0,10.0,7.0,3.0,3.0,8.0,3.0,3.0,1.0,0.0,0.0,0.0,2.35472103448,34.75,0.0,84.0,28.0,34.75,25.0786263579,628.9375,19.25,45.75,26.5,12.0,445.546585454,320.68016227,391.015715153,396.911756866,26.8619233313,721.562925058,371.297125074,406.994205436,35.6970803616,19.5484737795,74.6085598001,74.6085598001,390.656541385,232.632550593,-158.023990793,0.691427506877,4.22712368405,0.767764193375,0.509940872969,-0.00671267133976,-0.622141696034,-0.193477174014,0.187311542524,-0.759642458078,0.9572070636,-0.0678786736273,0.769895521076,0.691763784451,0.372673432414,0.158910345372,0.0858407165957,-0.0575591263398,0.00642501706312,0.00174908008396,0.0272146095377,0.000740634972289,-0.00872953793308,0.0229958121859,0.0317253501189,0.01743270363,20.486941703,1469.07084821,5.06576154556,24.0718220285,4.9063043147,-27.212882361,-1469.07084821,-5.50213800829,35.0364706551,5.91916131349,12.6351555707,695.354261492,2.29489855278,6.55789546376,2.56083882034,-12.0645820412,-472.344283445,-1.85962316317,6.15484762019,2.48089653557,7291.39622976,699016.19451,1254.9662379,3103566.88066,1761.694321,0.0,0.0,0.0,0.0,0.0,239.589385482,53619.1696817,96.264218459,4606.07711709,67.8680861458,0.0,0.0,0.0,0.0,0.0,1331.7685599,1168.77213936,660356.258741,298.471875443,71.1801432654,40216.7809449,7292.39390728,1238.40688298,699699.888885,239.600312775,94.9011852773,53619.1696817,0.333583891892,-0.292796598575,15.9903846958,1.30462965791,1.09443534085,-0.96061876173,52.4618920467,2.09959791219
1119207,1,6,20,2,2012-03-21 11:31:40,2012-03-21 11:40:38,410026.0,410564.0,0.149722222222,0.100833333333,0.0997222222222,0.0488888888889,0.673469387755,0.672862453532,163.0,1.0,1.4861878453,1.0,8.53242611525,72.8022954122,1.0,1.0,0.0,0.0,1.0,58.1808035714,27.9906795567,25.2072916667,35.5141898216,266.305013899,16.3188545523,1.26878626686,13.7156622024,41.4204985119,27.7048363095,14.5338541667,28.3025534236,25.6273809524,28.3025534236,260.445373904,16.1383200459,1.0,13.9975446429,41.7018229167,27.7042782738,14.1723958333,4.0,19.0,40.0,37.0,29.0,50.0,23.0,20.0,39.0,29.0,31.0,27.0,15.0,0.0,0.0,0.0,0.0,359.0,1.10192837466,5.23415977961,11.0192837466,10.1928374656,7.98898071625,13.7741046832,6.33608815427,5.50964187328,10.7438016529,7.98898071625,8.53994490358,7.43801652893,4.13223140496,0.0,0.0,0.0,0.0,0.556211070794,10.960159804,6.03798433632,100.0,6.4054778018,14.4006775548,4.38422131165,0.0,0.0,0.0,0.0,11.9512947096,14.3255937915,3.98324918479,8.33118764461,13.7112086277,4.95273416257,100.0,0.0158496722401,0.113505820623,0.124931836971,0.141132058118,0.312318380043,0.172057115989,0.182529131531,0.410358641286,0.340561549272,0.408219070354,0.390711681548,0.237403749173,0.0,0.0,0.0,0.0,2.84957870715,13.0,13.0,4.56207788449,4.56207788449,6.55078521897,-6.61004118482,1.75976011633,-1.88541567074,1.28540703817,-1.265054851,1.56813409255,1.74081221164,2.45904453223,3.03042715621,0.470119154464,-2.72394655162,2.79828932645,-0.580282869978,2.32817017199,2.14366368164,0.91874028817,0.930416878125,0.515151515152,0.479338842975,0.141915017948,0.141915017948,187.0,186.0,34.693877551,34.5083487941,14.3846153846,14.3076923077,3.0,1.0,31.0,61.0,9.04296123673,14.761616627,81.775147929,217.905325444,12.0,13.0,7.0,4.0,19.0,16.0,12.0,12.0,7.0,5.0,2.0,0.0,0.0,1.0,0.0,0.0,0.0,0.701858136076,82.0,0.0,164.0,82.0,82.0,82.0,6724.0,41.0,123.0,82.0,82.0,948.685645727,364.183976907,583.354971893,510.202221624,217.482986501,47298.8494172,381.702388188,805.40014904,423.697760852,136.364134217,553.396923658,553.396923658,633.419752424,593.408338041,-40.0114143832,1.72605570669,6.08985352517,2.22176820889,1.94112206642,-0.0123223031474,-0.412488808075,-0.317977012477,0.809524507024,-0.461301745802,3.2802899063,-0.155720638684,2.47076539928,0.305581107118,1.26328442738,0.15973365242,0.110212471437,-0.0388753772045,0.0279544964653,0.0315227852105,0.0325617816055,0.00106026962133,-0.00518289331449,0.0473788681688,0.0525617614833,0.0166134152928,22.2893257916,992.995569959,5.31013673775,25.1891430239,5.01887866201,-24.6230976799,-992.030856909,-5.70132676385,27.552684887,5.2490651441,21.9745446619,1773.73723329,6.71870164125,22.6669554037,4.76098260905,-6.34247664864,-119.596795155,-1.23295665109,1.48658291297,1.21925506477,8781.09037061,725858.699407,2010.68891803,5613334.76301,2369.2477209,0.0,0.0,0.0,0.0,0.0,254.906025652,44543.7860299,123.389989002,5049.10086448,71.0570254407,0.0,0.0,0.0,0.0,0.0,2835.68488112,1743.6870491,632958.398825,338.237848971,104.896832266,38077.5501124,8797.27774158,2000.85166301,726309.153672,255.062595824,122.710154352,44543.7860299,0.479942569506,-0.119245314998,17.7946867814,1.5156836863,1.57461472935,-0.39122478674,58.3815183118,2.43925644645
1119207,1,6,20,5,2012-03-21 13:31:31,2012-03-21 13:44:37,417217.0,418003.0,0.218611111111,0.167222222222,0.164444444444,0.0513888888889,0.764930114358,0.764631043257,92.0,1.0,1.3078202995,1.0,4.48403588055,20.106577778,1.0,1.0,0.0,0.0,1.0,57.3459821429,30.2701787486,31.1864955357,36.4352518221,233.832078126,15.2915688576,1.2036682084,18.6005952381,43.2084077381,24.6078125,12.3572544643,30.7814993356,31.71328125,30.7814993356,222.042730002,14.9010982817,1.0,19.2712983631,43.4300223214,24.1587239583,12.2364955357,10.0,21.0,43.0,39.0,60.0,65.0,48.0,59.0,66.0,51.0,79.0,49.0,12.0,0.0,0.0,0.0,0.0,592.0,1.66112956811,3.48837209302,7.14285714286,6.47840531561,9.96677740864,10.7973421927,7.97342192691,9.80066445183,10.9634551495,8.47176079734,13.122923588,8.13953488372,1.99335548173,0.0,0.0,0.0,0.0,0.433271509886,7.86355659736,7.30392241504,100.0,10.4394763955,13.6512110889,2.68444782733,0.0,0.0,0.0,0.0,11.7643497846,20.6604756803,1.67322745623,3.70848744267,13.9378446144,5.87972918775,100.0,0.0219315390074,0.0846962063905,0.135882629933,0.297622869475,0.398041168913,0.369713345321,0.528430276538,0.691003358548,0.595493334573,1.04580157697,0.705512307788,0.187717943948,0.0,0.0,0.0,0.0,5.0618465574,22.0,22.0,4.34624000363,4.34624000363,6.45817276406,-6.54980307589,1.78204971289,-1.78802974548,1.32141895112,-1.06557067868,1.41825085211,1.6854989385,2.01143547951,2.84090667167,0.694866229353,-2.96009739894,2.83893913728,-0.525419266239,2.14407290792,2.4346781327,0.887966471652,0.740645009598,0.496677740864,0.495016611296,0.0825046081169,0.0825046081169,299.0,293.0,37.9923761118,37.2299872935,13.5909090909,13.3181818182,4.0,3.0,40.0,33.0,8.73685553435,7.75995761256,76.3326446281,60.2169421488,12.0,14.0,6.25,7.0,18.0,17.0,11.75,10.0,6.0,6.5,5.0,2.0,1.0,1.0,0.0,0.0,0.0,0.987781819006,38.6,0.0,93.0,22.0,38.6,33.0066659934,1089.44,20.0,58.0,38.0,22.0,1209.70520938,532.361687975,757.735065781,647.007813771,237.331493923,56326.2380077,537.850830477,984.726476395,446.875645918,110.910451042,-411.18564501,-411.18564501,1077.65919017,333.236772579,-744.422417589,1.79013154513,4.4182445771,1.17751509745,0.921859843039,-0.000147649382029,-2.37077203054,-1.0971083803,0.0910441142136,-4.05984783965,1.79605611798,-0.297577456959,1.70501200377,3.7622703827,0.837325123038,1.06973371951,0.0867259559225,-0.111861591305,-0.0063642056334,-0.00071956671413,0.0483495475623,0.00233767874948,-0.0258525397373,0.0224772725949,0.0483298123321,0.0250742149167,17.4805055482,1802.40760464,6.02811907905,17.8917034477,4.22985856119,-25.064058288,-1802.40760464,-6.04834766656,32.3940760317,5.69157939694,13.2064287099,996.067013444,3.5196714256,12.7792147495,3.57480275673,-25.8708890042,-2225.12842292,-7.08639625134,59.593337749,7.71967212704,8398.04561641,1299945.06199,2177.4624154,4825676.06796,2196.74214872,0.0,0.0,0.0,0.0,0.0,251.144264176,79887.4459619,133.814817357,4370.43278408,66.1092488543,0.0,0.0,0.0,0.0,0.0,3615.88982432,2264.92081925,1363482.33319,328.600911267,114.922308891,69183.2299526,8423.99582705,2160.60055904,1300681.53654,251.402768053,132.703398608,79887.4459619,0.249232461801,-0.40010691931,17.8648167828,0.78092166969,0.81769180381,-1.31268674314,58.6116036181,1.25677160359
1119207,1,6,20,5,2012-03-21 14:06:40,2012-03-21 14:19:07,419326.0,420073.0,0.207777777778,0.160555555556,0.157777777778,0.0472222222222,0.772727272727,0.772423025435,70.0,1.0,1.29462738302,1.0,3.88837162232,15.1194338733,1.0,1.0,0.0,0.0,1.0,51.5555803571,27.1190193375,32.6982142857,33.4415613193,228.363920941,15.1117146923,1.23314050937,11.9638578869,38.5113095238,26.5474516369,10.4709077381,27.5964668611,32.9667410714,27.5964668611,219.208547746,14.8056930856,1.0,12.7180059524,38.6154203869,25.8974144345,10.1487723214,10.0,53.0,66.0,37.0,34.0,30.0,25.0,94.0,108.0,62.0,36.0,23.0,0.0,0.0,0.0,0.0,0.0,568.0,1.73010380623,9.16955017301,11.4186851211,6.40138408304,5.88235294118,5.19031141869,4.32525951557,16.2629757785,18.6851211073,10.7266435986,6.22837370242,3.97923875433,0.0,0.0,0.0,0.0,0.0,1.22585527723,4.3539877287,4.42054158967,100.0,19.8690800395,25.5106941695,2.89046003793,0.0,0.0,0.0,0.0,16.6795009019,10.8423169115,3.0140760057,0.0,7.43449682763,3.75899051068,100.0,0.0533750775989,0.131236161137,0.125853786892,0.163670552249,0.189577380952,0.192475208747,0.865121445106,1.11076348586,0.726243685929,0.472086319858,0.323706111524,0.0,0.0,0.0,0.0,0.0,4.35410921586,27.0,27.0,6.20103875706,6.20103875706,6.65849357679,-8.00664864509,1.62357631273,-1.94082685659,1.23106178772,-1.19832368504,1.38509501014,1.94647407634,1.91848818712,3.78876132986,0.576572551674,-3.05130029665,2.27475250112,-0.457787802455,1.69817994944,2.5935124942,0.724603339286,0.845188684152,0.539792387543,0.451557093426,0.0933896864262,0.0933896864262,312.0,256.0,41.7112299465,34.2245989305,11.5555555556,9.48148148148,1.0,4.0,24.0,26.0,7.56861616263,5.10896358534,57.2839506173,26.1015089163,9.0,8.0,5.0,5.0,18.0,12.5,13.0,7.5,5.0,3.0,5.0,1.0,2.0,1.0,0.0,0.0,0.0,1.14834051057,35.6,0.0,71.0,36.0,35.6,25.0327785114,626.64,18.0,53.0,35.0,18.0,623.916510641,412.819302296,511.387474415,522.173660451,60.9773578803,3718.23817406,469.497578257,537.807373223,68.3097949665,47.4467946968,-112.119530619,-112.119530619,450.311995952,169.096232667,-281.215763285,0.779086498187,3.14447145839,0.573207568362,0.245861405898,-0.000159436910735,-1.01156749383,-0.392368628965,0.0364799007631,-1.33776418529,0.94442710623,-0.155409914036,0.907947205467,1.18235427126,0.238390477503,0.325953618434,0.0516597077503,-0.095478878165,-0.0032817368533,0.000168979776785,0.0230410641048,0.000530890635083,-0.0119931080614,0.00527664790381,0.0172697559652,0.00918581868335,16.5229497607,1581.02549732,5.06738941449,17.7690321912,4.21533298699,-32.9314540625,-1581.02549732,-6.05756895525,43.4196883805,6.5893617582,9.39903561716,505.439955361,1.71335578088,4.39857686528,2.09727844248,-19.8877580328,-840.572735419,-3.02364293316,16.3225527153,4.04011790859,6105.23244648,964888.267811,1683.92367855,2659855.54866,1630.90635803,0.0,0.0,0.0,0.0,0.0,225.821159076,68717.7417864,119.926250936,4289.61717668,65.4951691095,0.0,0.0,0.0,0.0,0.0,1864.9282028,1528.57138308,883514.259418,265.591476481,96.3057032938,55664.6965038,6121.19475933,1670.58583383,965598.611952,226.017850354,118.88882662,68717.7417864,0.224418838738,-0.27224535038,16.5950822378,0.814892823131,0.736282279324,-0.893193406758,54.4458078667,1.31144287555
1119207,1,6,20,8,2012-03-21 15:02:15,2012-03-21 15:22:58,422661.0,423904.0,0.345555555556,0.281388888889,0.276944444444,0.0641666666667,0.814308681672,0.814159292035,72.0,1.0,1.22826086957,1.0,3.17728345871,10.095130177,1.0,1.0,0.0,0.0,1.0,55.5513392857,27.0806642125,30.9688244048,33.7044786024,234.700395863,15.3199345907,1.24459571368,12.4335565476,39.3711309524,26.9375744048,11.6610863095,27.5152586231,31.4963541667,27.5152586231,226.50892411,15.0502134241,1.0,13.2392857143,39.4446428571,26.2053571429,11.1864087302,16.0,88.0,107.0,82.0,72.0,62.0,63.0,132.0,168.0,109.0,58.0,52.0,4.0,0.0,0.0,0.0,0.0,997.0,1.57946692991,8.68706811451,10.5626850938,8.09476801579,7.1076011846,6.12043435341,6.21915103653,13.0306021718,16.5844027641,10.76011846,5.72556762093,5.13326752221,0.394866732478,0.0,0.0,0.0,0.0,1.12773819921,5.05986806741,6.35971034216,100.0,15.7467840705,23.0756294287,3.69437944099,0.0,0.0,0.0,0.0,16.6669905713,10.071989709,2.92718811241,0.806633578118,9.84818845829,4.61490002194,100.0,0.0859358838493,0.223057530382,0.28151902876,0.351664519779,0.385571965939,0.484622521133,1.19993612687,1.75840865524,1.27005768436,0.767505559689,0.750451461227,0.0614670758929,0.0,0.0,0.0,0.0,7.62019801312,42.0,42.0,5.51166779757,5.51166779757,7.6278687971,-8.21771392123,1.83598614199,-1.93360503706,1.30112132746,-1.2259328183,1.61495808,1.87590426951,2.60808960017,3.51901682838,0.538705479576,-2.88171692478,2.7781008298,-0.480595347321,2.23939535022,2.40112157746,0.927252194866,0.887420836607,0.508390918065,0.482724580454,0.0501866651594,0.0501866651594,515.0,481.0,41.3987138264,38.6655948553,12.2619047619,11.4523809524,1.0,1.0,38.0,35.0,9.24291111586,8.67454508469,85.4314058957,75.2477324263,11.0,9.5,5.0,5.0,18.25,16.5,13.25,11.5,6.5,5.0,8.0,3.0,3.0,1.0,0.0,0.0,0.0,1.04984148525,30.625,0.0,73.0,28.5,30.625,21.5576987408,464.734375,15.0,40.75,25.75,13.5,627.287784344,418.403193056,543.481757486,569.159362591,65.4827017715,4287.98423129,518.50433938,588.326891561,69.8225521804,36.4239164817,201.907314245,201.907314245,581.223861052,391.565587649,-189.658273403,0.57376491713,5.53843838732,0.644022348106,0.2960035097,-0.00625484966451,-0.477728648372,-0.323411334046,0.0969381944561,-0.66841051852,0.583459930003,-0.0903267360274,0.486521735547,0.578083782493,0.21533009758,0.26069450254,0.0907991212485,-0.0556311765246,0.00335850207163,0.00379124414548,0.0195504730378,0.000382220996001,-0.00502640033232,0.0113871303309,0.0164135306632,0.00830844752825,21.0568468558,2865.48387853,5.56404636607,24.1088822386,4.91007965706,-35.0766660397,-2865.48387853,-5.85988523216,41.4121916949,6.4352305083,16.554762972,1170.41574505,1.92502589647,9.21631314981,3.03583812971,-6.22953186675,-566.901271135,-1.42796289958,1.9976481678,1.41338181954,7654.18671181,1731146.00323,1722.53333655,3278631.44976,1810.69916048,0.0,0.0,0.0,0.0,0.0,243.498910058,120264.04793,119.665719333,4418.8276406,66.474262994,0.0,0.0,0.0,0.0,0.0,1875.0051655,1624.50334293,1645621.88638,308.355600573,96.7311367474,97988.6415251,7657.60144753,1710.2988237,1732532.7084,243.53511691,118.720679101,120264.04793,0.283533208351,-0.234321034659,16.8025143724,1.00428131162,0.930227061519,-0.76876979875,55.1263594896,1.61623410316
1119207,1,6,20,12,2012-03-21 16:10:33,2012-03-21 16:36:23,426759.0,428309.0,0.430833333333,0.301388888889,0.294722222222,0.129444444444,0.699548678272,0.69935483871,97.0,1.0,1.42988929889,1.0,4.85202354282,23.5421324601,1.0,1.0,0.0,0.0,1.0,56.9853422619,26.4420698696,25.7761160714,34.7653851298,292.522786559,17.1032975347,1.31477548094,9.47388392857,43.0640625,33.5901785714,16.7839285714,27.040193976,26.8640625,27.040193976,282.96630976,16.821602473,1.0,10.650297619,43.3711309524,32.7208333333,16.385639881,24.0,120.0,136.0,82.0,90.0,82.0,62.0,91.0,77.0,97.0,135.0,73.0,16.0,0.0,0.0,0.0,0.0,1061.0,2.21198156682,11.0599078341,12.534562212,7.55760368664,8.29493087558,7.55760368664,5.71428571429,8.38709677419,7.09677419355,8.9400921659,12.4423963134,6.72811059908,1.47465437788,0.0,0.0,0.0,0.0,1.43999421892,6.39607306837,5.95853695038,100.0,10.30447884,10.0348106635,3.6070163611,0.0,0.0,0.0,0.0,14.468977901,22.2067155974,3.56169082479,3.11887216715,13.3982254374,5.50460797007,100.0,0.11475812252,0.283843467341,0.287455616182,0.438681258267,0.509725196936,0.474856429565,0.821199578225,0.799708788029,1.15308291997,1.76973001405,1.06775095073,0.248553716104,0.0,0.0,0.0,0.0,7.96934605793,40.0,40.0,5.01923240743,5.01923240743,7.24701553594,-7.87151822889,1.84355063087,-2.12063739903,1.39022353025,-1.51893883728,1.52524995733,1.85633061442,2.32638743233,3.44596335002,0.61673129096,-3.28188566652,2.63473522182,-0.605327518527,2.01800393086,2.67655814799,0.940885276196,1.13677605201,0.529032258065,0.459907834101,0.0487587334622,0.0487587334622,574.0,487.0,37.0083816892,31.3990973565,14.35,12.175,2.0,2.0,45.0,33.0,11.402960142,8.06500929944,130.0275,65.044375,11.0,10.0,6.0,6.0,18.5,15.75,12.5,9.75,6.0,4.0,12.0,4.0,4.0,3.0,0.0,0.0,0.0,1.50576972223,40.6666666667,0.0,98.0,36.5,40.6666666667,25.4667539266,648.555555556,25.25,50.75,25.5,13.0,629.068575906,411.229289688,557.209387898,576.267685459,61.3127678759,3759.2555046,555.860199322,594.701462832,38.8412635094,19.4367025631,-198.79285159,-198.79285159,688.621991304,244.914569857,-443.707421447,0.634674646363,3.01479657821,0.521094829483,0.349224322877,-0.000868334591701,-0.735833203063,-0.393902188273,0.117983499715,-0.905891032234,0.713949041242,-0.0840415498933,0.595965541527,0.82184948234,0.266026064534,0.339116088296,0.0616366590063,-0.0973933310822,-0.00419894599211,-0.00192922758162,0.0223493823975,0.000499494893549,-0.0129166085069,0.00717348793487,0.0200900964417,0.0104859947406,16.219967062,3130.20229964,5.45331411088,17.9299244348,4.23437414913,-35.6616118342,-3130.20229964,-6.27295050029,46.4877409383,6.81819191122,9.01142872246,732.066038986,1.55758731699,2.8811220202,1.69738682103,-21.565203465,-1326.27117561,-2.19945468591,9.9585784951,3.15572154904,8258.9249336,2035013.55624,1896.5643581,4880423.17607,2209.16798276,0.0,0.0,0.0,0.0,0.0,249.749811081,125774.397808,117.217518926,5517.85902795,74.2822928291,0.0,0.0,0.0,0.0,0.0,1880.32807065,1665.53614888,1807106.72153,324.480868173,99.0936091405,107516.565917,8266.06166478,1876.93957819,2036479.44234,249.821735504,115.921103971,125774.397808,0.235312149576,-0.281642419525,17.8140581486,0.741512744857,0.772021488111,-0.924023686104,58.4450726659,1.19334908686
1119207,1,6,20,3,2012-03-21 19:03:35,2012-03-21 19:16:40,437141.0,437926.0,0.218333333333,0.203333333333,0.201666666667,0.015,0.931297709924,0.931210191083,33.0,1.0,1.07387140903,1.0,1.4343885497,2.05747051151,1.0,1.0,0.0,0.0,1.0,53.7160714286,27.3129929315,29.0834449405,35.0079686327,281.63212064,16.7818986006,1.2817331561,9.32661830357,44.4652157738,35.1385974702,16.0741071429,27.5387201459,29.3590401786,27.5387201459,277.743420243,16.6656359087,1.0,9.49853050595,44.5220238095,35.0234933036,15.8041666667,6.0,74.0,115.0,45.0,54.0,32.0,50.0,50.0,46.0,100.0,132.0,28.0,0.0,0.0,0.0,0.0,0.0,726.0,0.819672131148,10.1092896175,15.7103825137,6.14754098361,7.37704918033,4.37158469945,6.8306010929,6.8306010929,6.28415300546,13.6612021858,18.0327868852,3.82513661202,0.0,0.0,0.0,0.0,0.0,1.37545983822,3.58512071473,6.81065535594,100.0,8.17583093108,8.63403247539,2.81867621304,0.0,0.0,0.0,0.0,21.4833593936,30.812447135,4.21967280221,0.0,7.25117518577,4.83356995507,100.0,0.0763881138393,0.234345516621,0.156539183082,0.268439166101,0.199104766038,0.378239409245,0.454056371941,0.479503244874,1.19310884797,1.7112129733,0.402704303075,0.0,0.0,0.0,0.0,0.0,5.55364189608,36.0,36.0,6.48223286154,6.48223286154,6.73902930937,-6.60820281444,1.46193515521,-1.68187230246,0.883328573772,-1.1525994683,1.5242332333,1.6265829291,2.32328694951,2.64577202524,0.339330434263,-2.27333385,2.05728965407,-0.386200484598,1.71795921981,1.8871333654,0.639538835826,0.841369238839,0.532786885246,0.463114754098,0.0727850936128,0.0727850936128,390.0,336.0,49.6183206107,42.7480916031,10.8333333333,9.33333333333,1.0,2.0,39.0,32.0,10.1721296798,8.01387685345,103.472222222,64.2222222222,6.5,6.0,4.0,4.75,15.25,9.25,11.25,4.5,4.5,2.0,3.0,1.0,1.0,0.0,0.0,0.0,0.0,0.540186071795,19.3333333333,0.0,34.0,24.0,19.3333333333,14.267289706,203.555555556,12.0,29.0,17.0,10.0,920.869418297,410.723573178,629.608165052,555.425064104,203.50344978,41413.6540724,433.22514018,891.016546107,457.791405927,129.68364924,-2.07893054994,-2.07893054994,1186.72350953,592.322289489,-594.401220039,1.62120698023,6.79352917917,1.70698066135,1.01154712525,-0.00204763636941,-1.55602413623,-0.575209456809,0.361497309083,-2.33159667639,2.43520962791,-0.192379295538,2.07371231882,2.13921738085,0.801285652897,0.518590079305,0.125769715763,-0.103409782533,0.000597671198689,-0.000626544571149,0.0442626011479,0.00195917786037,-0.0248325132306,0.0328294539189,0.0576619671495,0.0284965452221,25.5246707424,1740.44216637,4.46267222146,24.0384412057,4.90290130491,-25.353025729,-1740.44216637,-5.1340476884,33.8132559758,5.81491667832,20.3063133395,1770.49096149,5.10227942793,28.3022140098,5.31998251969,-20.6708216642,-1776.70502403,-4.65106027232,31.8555362293,5.64407089159,6916.48002148,1402109.22081,1923.33226449,3961529.47754,1990.35913281,0.0,0.0,0.0,0.0,0.0,235.410429735,87649.0944231,120.231953941,5364.74276727,73.244404341,0.0,0.0,0.0,0.0,0.0,2752.54031587,1881.94093872,1377580.76714,288.317669265,102.683406401,75164.2534856,6923.43924651,1916.50471127,1402881.44865,235.489367197,119.739200032,87649.0944231,0.2976730804,-0.29836834299,17.7130170892,0.948755875478,0.976617717848,-0.978898763089,58.1135731272,1.52687457567
1119207,1,6,20,4,2012-03-21 19:55:41,2012-03-21 20:11:58,440267.0,441244.0,0.271666666667,0.2125,0.210277777778,0.0591666666667,0.782208588957,0.78198567042,136.0,1.0,1.27879581152,1.0,5.26964244842,27.7691315342,1.0,1.0,0.0,0.0,1.0,51.5040922619,26.1315324706,26.7264136905,33.3941464525,249.626017941,15.7995575236,1.27792529925,10.316889881,42.1602678571,31.8433779762,15.5781994048,26.4076913343,26.8819196429,26.4076913343,244.971355583,15.6515608034,1.0,10.4,42.1844494048,31.7844494048,15.4243861607,8.0,60.0,112.0,84.0,57.0,46.0,56.0,43.0,60.0,127.0,104.0,8.0,0.0,0.0,0.0,0.0,0.0,757.0,1.04575163399,7.8431372549,14.6405228758,10.9803921569,7.45098039216,6.01307189542,7.32026143791,5.62091503268,7.8431372549,16.6013071895,13.5947712418,1.04575163399,0.0,0.0,0.0,0.0,0.0,1.1416013582,5.13250238574,7.74834358555,100.0,6.99735553182,11.3119165025,5.18861258623,0.0,0.0,0.0,0.0,27.0614875926,24.2652933201,4.13280596652,0.0,2.03768497453,4.98239619621,100.0,0.0633925600405,0.229492675781,0.288121096333,0.276670001963,0.285005324591,0.430261695499,0.388559699487,0.628145140956,1.50271105117,1.34743976314,0.113151641038,0.0,0.0,0.0,0.0,0.0,5.55295065001,34.0,34.0,6.12287091007,6.12287091007,7.24068616942,-7.59897742148,1.54133259721,-1.61176983956,1.03365102857,-1.0657889327,1.45559665263,1.56320743105,2.11876161516,2.44361747247,0.3605556375,-2.39501046496,2.40581403884,-0.41927960918,2.04525840134,1.97573085578,0.768145015848,0.773273985268,0.508496732026,0.486274509804,0.0664701610492,0.0664701610492,389.0,368.0,39.7750511247,37.6278118609,11.4411764706,10.8235294118,1.0,1.0,31.0,33.0,8.7218157057,9.17948668383,76.0700692042,84.2629757785,7.0,7.0,5.0,5.0,18.75,14.75,13.75,9.75,4.0,3.0,4.0,0.0,2.0,1.0,0.0,0.0,0.0,0.720337754126,54.75,0.0,137.0,41.0,54.75,50.3705022806,2537.1875,29.25,66.5,37.25,21.5,921.107021791,416.319573493,635.844562619,580.175363334,200.714885376,40286.4652117,434.366211917,872.369453678,438.003241761,154.374701658,-7.67400096999,-7.67400096999,1246.24875731,619.287378168,-626.961379138,1.62908334288,7.64881987058,1.65584860473,1.15274164378,-0.00852079215082,-1.62005524325,-0.824475664732,0.427575556862,-2.62908519142,2.45199437674,-0.247837693978,2.02441881987,2.38124749744,0.912181230939,0.701033359399,0.124389869181,-0.0976254440478,-0.00340095695656,-0.0017833878625,0.0478852035114,0.00229299271532,-0.0360392855823,0.0329234158134,0.0689627013957,0.0347068036759,26.6514382592,1772.26537448,4.55595211948,22.5739346335,4.75120349317,-27.3225020319,-1772.26537448,-4.76415423246,29.4660868408,5.42826738848,22.8628344522,1851.09141606,4.94944228892,21.0939388995,4.59281383244,-20.2488750384,-1874.0295185,-4.84245353617,25.2929708238,5.02921174975,6092.52641712,1271803.14203,1671.22620503,3130667.13885,1769.36913584,0.0,0.0,0.0,0.0,0.0,225.66442581,87638.1849886,115.161872521,4742.8352956,68.8682459164,0.0,0.0,0.0,0.0,0.0,2753.25052862,1900.58194839,1453945.19052,265.061253731,93.1759221354,71279.5804336,6102.87352202,1663.49002131,1272569.8663,225.792128356,114.559718939,87638.1849886,0.295653811594,-0.298220568794,16.8709133592,1.03873865172,0.969992820191,-0.978413939614,55.3507656141,1.67168781672
1119207,1,7,32,10,2012-03-22 08:22:13,2012-03-22 08:49:35,485059.0,486701.0,0.456388888889,0.343055555556,0.3375,0.113333333333,0.751673767498,0.751522533496,95.0,1.0,1.33063209076,1.0,4.3002301121,18.491979017,1.0,1.0,0.0,0.0,1.0,53.8344494048,24.3695055548,21.7061011905,32.8094754215,274.101131603,16.5559998672,1.34633324209,8.39906994048,41.5395089286,33.1404389881,15.6625744048,24.7706496791,22.0052827381,24.7706496791,268.676483811,16.3913539346,1.0,8.75524553571,41.6803943452,32.9251488095,15.5328869048,20.0,158.0,172.0,116.0,111.0,113.0,54.0,65.0,78.0,183.0,111.0,54.0,0.0,0.0,0.0,0.0,0.0,1215.0,1.61943319838,12.7935222672,13.9271255061,9.39271255061,8.98785425101,9.14979757085,4.37246963563,5.26315789474,6.31578947368,14.8178137652,8.98785425101,4.37246963563,0.0,0.0,0.0,0.0,0.0,1.77909723999,8.34195060519,4.91925741711,100.0,7.00904336222,9.7994463469,4.74908775294,0.0,0.0,0.0,0.0,25.9980442864,17.5289036657,4.15437418786,0.0,9.277802065,6.44299307076,100.0,0.148734206359,0.347309598296,0.397028212954,0.538640294312,0.697394934276,0.411254557292,0.585962632275,0.819242952216,2.17346100984,1.46543287037,0.775632998512,0.0,0.0,0.0,0.0,0.0,8.3600942667,53.0,53.0,6.33964143336,6.33964143336,6.71174755714,-6.01257081094,1.65038029228,-1.71353960463,1.12864608984,-1.13131970156,1.4711326283,1.52651379471,2.16423121006,2.33024436543,0.469137011384,-2.79539746071,2.60753531484,-0.455932643304,2.13839830346,2.33946481741,0.85910237779,0.851853226483,0.505263157895,0.486639676113,0.0409119965907,0.0409119965907,624.0,591.0,37.9793061473,35.9707851491,11.7735849057,11.1509433962,1.0,2.0,45.0,50.0,9.40421725838,9.08117735367,88.4393022428,82.4677821289,9.0,9.0,6.0,6.0,16.0,14.0,10.0,8.0,4.0,4.0,10.0,4.0,3.0,2.0,0.0,0.0,0.0,1.19615876101,42.6,0.0,96.0,37.0,42.6,25.4448423064,647.44,28.5,52.5,24.0,13.5,631.580375864,153.277806648,387.502559496,396.392345358,115.319089844,13298.4924825,284.116067197,434.11985592,150.003788723,52.7681718733,212.225574777,212.225574777,1507.78604917,860.005811975,-647.780237198,1.22087939204,6.79121514847,1.17647853895,0.833503146619,-0.00172728909331,-1.31129602672,-0.570105158955,0.201035965278,-1.77980257265,1.70972554526,-0.0494452402363,1.50868957999,1.73035733241,0.704680586605,0.552302000394,0.116477693229,-0.142350273228,0.00338538636587,0.00585951512853,0.0415398534036,0.00172555942079,-0.00915378624876,0.0295108449823,0.0386646312311,0.0190842434205,21.9314690045,3071.17065265,4.92174784079,22.863319181,4.78156032912,-25.6611378896,-3071.17065265,-5.11010091955,32.2999199383,5.68330185177,20.2993965469,2570.61492358,3.51657308287,13.8343840064,3.71946017675,-22.5887515999,-1936.25847844,-3.91955157579,30.5509169481,5.52728839017,6968.70642738,1947060.29936,1589.43697907,3715171.16724,1927.47792912,0.0,0.0,0.0,0.0,0.0,236.001482134,131941.292845,107.707177833,5205.72748442,72.1507275391,0.0,0.0,0.0,0.0,0.0,1887.83600882,1158.27108201,1430464.78628,289.589842347,86.7300218163,107111.576943,6969.31323941,1577.63676209,1948381.40119,236.008332079,106.835054935,131941.292845,0.310524815834,-0.263375727792,17.0127558222,1.07286968815,1.01878220418,-0.864093595118,55.8161280256,1.72661639541
1119207,1,7,32,3,2012-03-22 09:03:39,2012-03-22 09:14:26,487545.0,488192.0,0.18,0.164166666667,0.1625,0.0158333333333,0.912037037037,0.911901081917,31.0,1.0,1.09661016949,1.0,1.65881988905,2.7516834243,1.0,1.0,0.0,0.0,1.0,54.4936011905,29.7235039733,32.6993303571,37.2931273681,297.463441103,17.2471284886,1.25466793557,11.5666294643,46.6918154762,35.1251860119,15.9156994048,30.0283604243,32.9838541667,30.0283604243,291.360008803,17.0692708925,1.0,12.0614583333,46.7338541667,34.6723958333,15.6311755952,6.0,39.0,78.0,59.0,37.0,26.0,33.0,35.0,41.0,75.0,96.0,66.0,0.0,0.0,0.0,0.0,0.0,585.0,1.0152284264,6.59898477157,13.1979695431,9.98307952623,6.26057529611,4.39932318105,5.58375634518,5.92216582064,6.93739424704,12.6903553299,16.2436548223,11.1675126904,0.0,0.0,0.0,0.0,0.0,0.743520252978,3.35171096882,5.23522374243,100.0,6.50969492655,8.77789265668,4.16981968795,0.0,0.0,0.0,0.0,18.1047817361,26.2043204976,3.58448799469,0.0,19.6627295097,3.65581802647,100.0,0.0362808779762,0.174908983342,0.203470878803,0.178389609685,0.163550375641,0.255458426339,0.317647631448,0.428326802249,0.883442480985,1.27866826844,0.959464234044,0.0,0.0,0.0,0.0,0.0,4.87960856895,26.0,26.0,5.32829624193,5.32829624193,6.12857282143,-7.20096393817,1.34265061501,-1.37033413285,0.85653789308,-0.754504139732,1.29370806748,1.46473728693,1.67368056387,2.14545531972,0.349424682589,-1.98087346607,1.8284230346,-0.368194528125,1.47899835201,1.61267893795,0.633154905804,0.462807644866,0.502538071066,0.492385786802,0.0850318225154,0.0850318225154,297.0,288.0,45.8333333333,44.4444444444,11.4230769231,11.0769230769,1.0,3.0,38.0,32.0,8.23301550944,6.69053911202,67.7825443787,44.7633136095,10.0,10.0,5.25,6.0,16.0,15.0,10.75,9.0,5.0,5.0,3.0,1.0,1.0,0.0,0.0,0.0,0.0,0.61480341253,20.3333333333,0.0,32.0,29.0,20.3333333333,14.4299072146,208.222222222,14.5,30.5,16.0,3.0,630.967576011,415.385438539,538.339972434,549.06893552,75.0628099358,5634.42543546,463.114510643,615.067297648,151.952787005,68.1378208095,-85.9673941098,-85.9673941098,659.413443497,286.723024693,-372.690418803,1.11575878764,7.13498920002,1.38513538499,1.10980399619,-0.000917582198667,-0.978190075599,-0.686196273937,0.159222916294,-1.42293115169,1.66610176325,-0.191053749573,1.50687884695,1.23187740212,0.812178966518,0.54431298335,0.0967858680416,-0.0577317172509,-0.00613052073441,-0.0103272476802,0.0276632435806,0.0007652550454,-0.0223883985394,0.00849558457124,0.0308839831107,0.0148410562468,26.5345010049,1288.7056576,4.33907628823,21.6035086452,4.64795747024,-29.1149752769,-1288.7056576,-4.42854177871,25.1003283821,5.01002279258,21.3269601923,857.034308313,4.140262359,22.2697367461,4.71908219319,-12.4090913381,-1113.99660225,-2.92387559645,8.15055713576,2.85491806113,7227.70338839,1368753.42056,2327.81193972,5355707.70825,2314.24020107,0.0,0.0,0.0,0.0,0.0,238.889712526,77011.3162156,130.971626217,5650.7186446,75.1712620926,0.0,0.0,0.0,0.0,0.0,1886.00430905,1609.13420332,950998.31416,296.724762776,118.003348551,69739.9789937,7228.4583801,2316.83748364,1369250.95283,238.898030316,130.306795627,77011.3162156,0.187042845997,-0.219764521247,18.6707030333,0.53656181118,0.613657631222,-0.721012208815,61.2555873797,0.863512531452
1119207,1,7,32,2,2012-03-22 10:06:23,2012-03-22 10:10:29,491309.0,491555.0,0.0686111111111,0.0636111111111,0.0625,0.005,0.927125506073,0.926829268293,19.0,1.0,1.07894736842,1.0,1.18946204,1.4148199446,1.0,1.0,0.0,0.0,1.0,41.0240327381,17.7054053922,14.9214285714,24.220887484,151.606909013,12.312875741,1.36799395142,6.44665178571,28.8380952381,22.3914434524,10.0411458333,18.0201681548,15.0705605159,18.0201681548,148.630065042,12.1913930722,1.0,7.025,28.973139881,21.948139881,10.1009176587,4.0,36.0,53.0,22.0,16.0,20.0,30.0,23.0,21.0,4.0,0.0,0.0,0.0,0.0,0.0,0.0,0.0,225.0,1.74672489083,15.7205240175,23.1441048035,9.60698689956,6.98689956332,8.73362445415,13.1004366812,10.0436681223,9.17030567686,1.74672489083,0.0,0.0,0.0,0.0,0.0,0.0,0.0,3.09087277246,11.1149552346,20.5148043954,100.0,18.5155462707,19.5182193027,6.73966783207,0.0,0.0,0.0,0.0,3.99765283565,0.0,9.57787726316,0.0,0.0,6.93040409328,100.0,0.0348112794404,0.10787184928,0.0759062172757,0.0780544044634,0.125183351475,0.231050140542,0.208533285797,0.219825996197,0.0450239852017,0.0,0.0,0.0,0.0,0.0,0.0,0.0,1.12626050967,10.0,10.0,8.87894045305,8.87894045305,5.62036834085,-6.32783873973,2.20142164112,-2.14399325048,1.74483174576,-1.74177618951,1.58760943917,1.43813943111,2.52050373134,2.06824502331,0.854164380636,-3.25280331864,3.35209525589,-0.930362314621,2.49793087525,2.32244100402,1.12378993795,1.15576415156,0.489082969432,0.502183406114,0.213573349097,0.213573349097,112.0,113.0,45.3441295547,45.7489878543,11.2,11.3,3.0,4.0,21.0,29.0,6.07947366143,7.69480344128,36.96,59.21,11.0,9.5,5.75,4.25,15.25,16.25,9.5,12.0,5.5,5.5,2.0,1.0,0.0,0.0,0.0,0.0,0.0,1.77578809061,10.0,0.0,20.0,10.0,10.0,10.0,100.0,5.0,15.0,10.0,10.0,588.093317866,545.000181901,563.76518406,557.616470122,16.0126963959,256.406445867,548.276621553,581.834993172,33.5583716194,11.269589018,40.5256179972,40.5256179972,73.2615787607,56.893598379,-16.3679803818,0.319919557907,1.81989483333,0.328864730514,0.146137661401,-0.0284912418368,-0.30311074781,-0.237960081647,0.050441582844,-0.508201776567,0.50551213975,-0.10305658784,0.455070556906,0.405145188726,0.128084979547,0.154559222555,0.0366960594304,-0.0215864976316,0.00581876805271,0.00621856725369,0.0108524993119,0.000117776741316,0.000639079338585,0.0125849541684,0.0119458748298,0.00636638691361,14.6508388231,599.720362431,5.35464609314,20.300660252,4.50562540076,-16.8018253182,-599.720362431,-5.21495967332,20.082398946,4.48133896799,5.43978744418,170.058772874,0.982998687135,1.3991313934,1.18284884639,-2.29161567677,-48.9249887063,-0.906018309376,0.497285783481,0.705184928569,3067.80576519,145064.803136,639.051996194,700775.74051,837.123491792,0.0,0.0,0.0,0.0,0.0,179.53102463,17774.951213,78.303749837,2870.21691917,53.5744054486,0.0,0.0,0.0,0.0,0.0,1757.85028231,1685.13186232,385895.196472,168.166495327,46.4727291307,10642.2549709,3084.06986566,634.715807128,145349.919832,179.847916134,77.6198742926,17774.951213,0.388531575679,-0.321700639814,12.6517952064,2.42729193305,1.27470989396,-1.05544829335,41.5085144568,3.90634770871
1119207,1,7,32,3,2012-03-22 10:32:24,2012-03-22 10:46:10,492870.0,493696.0,0.229722222222,0.213611111111,0.211944444444,0.0161111111111,0.929866989117,0.929782082324,32.0,1.0,1.07552083333,1.0,1.48149162572,2.19481743707,1.0,1.0,0.0,0.0,1.0,52.4448660714,27.3427480836,29.5445684524,33.388923256,212.459099056,14.5759767788,1.22112536582,13.6348958333,39.3005208333,25.665625,12.2720982143,27.5577631406,29.8444196429,27.5577631406,208.204478797,14.4292923873,1.0,13.9389508929,39.3451636905,25.4062127976,11.9722470238,6.0,63.0,72.0,67.0,45.0,53.0,84.0,106.0,92.0,83.0,71.0,27.0,0.0,0.0,0.0,0.0,0.0,763.0,0.780234070221,8.19245773732,9.36280884265,8.71261378414,5.85175552666,6.89206762029,10.9232769831,13.7841352406,11.9635890767,10.7932379714,9.23276983095,3.51105331599,0.0,0.0,0.0,0.0,0.0,1.10207841727,5.71060017184,10.856850868,100.0,16.4776372838,16.4077353037,3.97445992565,0.0,0.0,0.0,0.0,16.7443581314,15.7538056608,2.66320135693,0.0,6.59946069554,3.7098121851,100.0,0.0643692572137,0.15554999578,0.232136869057,0.216679549309,0.333539869347,0.63411769535,0.962411799355,0.958329024058,0.977990203373,0.920134858631,0.385455677497,0.0,0.0,0.0,0.0,0.0,5.84071479897,29.0,29.0,4.9651457053,4.9651457053,7.09543812054,-6.86347047522,1.47110850864,-1.51002672316,1.12657267667,-0.887584527121,1.29325164425,1.58223306954,1.67249981534,2.50346148634,0.473474809989,-2.19787252333,2.14448213421,-0.352043730804,1.67100732422,1.84582879252,0.785496210268,0.642321574554,0.50455136541,0.491547464239,0.0656113609115,0.0656113609115,388.0,375.0,46.9165659008,45.3446191052,13.3793103448,12.9310344828,2.0,2.0,43.0,48.0,11.241590859,9.38057800764,126.373365042,87.9952437574,8.0,9.0,4.0,7.0,24.0,16.0,20.0,9.0,5.0,5.0,3.0,1.0,1.0,0.0,0.0,0.0,0.0,0.513635762618,20.6666666667,0.0,33.0,29.0,20.6666666667,14.7044966667,216.222222222,14.5,31.0,16.5,4.0,641.614229638,410.095543954,533.310536574,556.442105072,71.7251512026,5144.49731504,471.124502289,587.092568639,115.96806635,52.944736035,56.0884297393,56.0884297393,719.049006022,387.56871788,-331.480288141,0.935044221094,4.35920004387,0.821120165001,0.49356597282,-0.000739857553526,-1.12748397327,-0.759012912046,0.154087403123,-1.65454168943,1.1610222357,-0.266978691186,1.00693483258,1.38756299824,0.41328551144,0.573187260384,0.0578526557559,-0.09736398826,0.00299194254962,0.00499407256489,0.0263784259957,0.000695821358013,-0.0132328758044,0.0187941594576,0.032027035262,0.0161375860327,16.6297314055,1732.95785557,4.4663862257,12.7965565394,3.57722749339,-29.5463040235,-1732.95785557,-4.58454459146,24.9185886994,4.99185223133,13.0299406488,1158.46883384,2.45438312255,7.81169282697,2.79494057664,-20.3326424554,-990.816763915,-3.37012504733,13.6199055857,3.690515626,6442.6219274,1277963.93425,1668.36022748,2872544.27585,1694.85818753,0.0,0.0,0.0,0.0,0.0,229.906662001,92179.7574443,120.339108935,4033.16645755,63.5072157912,0.0,0.0,0.0,0.0,0.0,1917.82786921,1594.10088296,1225863.579,274.832908911,95.9339761545,73773.2276628,6443.44461265,1662.70958128,1278623.668,229.916447637,119.869645571,92179.7574443,0.22461480346,-0.206778944296,16.4898556514,0.82604682749,0.736925208203,-0.678408609895,54.1005762841,1.32939350554
1119207,1,7,32,1,2012-03-22 10:58:39,2012-03-22 11:01:19,494445.0,494605.0,0.0447222222222,0.0447222222222,0.0441666666667,0.0,1.0,1.0,1.0,1.0,1.0,1.0,0.0,0.0,1.0,1.0,0.0,0.0,1.0,26.809672619,13.2922924061,13.1716517857,16.1594889291,45.8567992903,6.77176485787,1.21570369018,8.37782738095,18.0914434524,9.71361607143,4.91979166667,13.4594910527,13.6027529762,13.4594910527,44.1832056875,6.64704488382,1.0,8.57760416667,18.2151785714,9.63757440476,4.96830357143,2.0,16.0,42.0,35.0,39.0,20.0,7.0,0.0,0.0,0.0,0.0,0.0,0.0,0.0,0.0,0.0,0.0,159.0,1.24223602484,9.93788819876,26.0869565217,21.7391304348,24.2236024845,12.4223602484,4.34782608696,0.0,0.0,0.0,0.0,0.0,0.0,0.0,0.0,0.0,0.0,2.23957226926,21.6229393144,8.44414063725,100.0,0.0,0.0,20.5440461597,0.0,0.0,0.0,0.0,0.0,0.0,15.6353883477,0.0,0.0,31.5139132716,100.0,0.0133133804563,0.0929462632275,0.122126312417,0.187337878224,0.128539909888,0.0501971106151,0.0,0.0,0.0,0.0,0.0,0.0,0.0,0.0,0.0,0.0,0.594460854828,8.0,8.0,13.4575724121,13.4575724121,3.06101260045,-5.30455477701,1.56849303573,-1.8692999193,1.70718292768,-1.65742101161,0.862438822042,1.29042524662,0.743800721766,1.66519731711,0.789042838058,-2.55193510379,2.20922173225,-0.882400994196,1.4201788942,1.6695341096,0.770764064062,0.890476392857,0.540372670807,0.453416149068,0.335635199259,0.335635199259,87.0,72.0,54.0372670807,44.7204968944,10.875,9.0,4.0,5.0,18.0,15.0,3.88707795137,3.08220700148,15.109375,9.5,10.0,8.5,9.0,6.75,13.25,10.5,4.25,3.75,2.0,2.0,1.0,0.0,0.0,0.0,0.0,0.0,0.0,1.68219655151,0.0,0.0,0.0,0.0,0.0,0.0,0.0,0.0,0.0,0.0,0.0,641.929994101,588.812298093,619.609932807,619.474018915,16.3052958183,265.862671721,606.423825605,635.328950009,28.9051244042,13.9848793479,-52.801931545,-52.801931545,67.3691077659,7.28358811048,-60.0855196554,0.418441663142,0.452271944164,0.234954455177,0.266666158725,-0.00599640916994,-0.465779222135,-0.401124329796,0.0629369729698,-0.677483923195,0.365059749602,-0.187539869044,0.302122776632,0.489944054151,0.144074771804,0.250544632347,0.0164792764636,-0.0412158661184,-0.0167872153166,-0.022641178297,0.0168680055731,0.000284529612015,-0.031889480574,-0.000811692116868,0.0310777884571,0.00944592138873,8.15949728766,255.491278509,2.93668136217,5.01124080912,2.23858008772,-10.4700027612,-255.491278509,-3.49988052752,8.85622124524,2.97594039679,1.35187110714,21.7711322799,0.702294589675,0.211633088574,0.460035964436,-4.43207528498,-179.599639173,-1.39224526491,1.13988388012,1.0676534457,848.256655226,30253.3884064,189.08367754,48141.1043196,219.410811766,0.0263026576186,0.0,0.0,0.0,0.0,116.959712517,9381.9436994,58.6371481212,856.331569642,29.2631435366,2.91644564136,0.0,0.0,0.0,0.0,1918.77171032,1852.05555346,298180.944107,71.8200651307,22.2369101506,3580.14253425,860.763196731,188.491609026,30347.1490532,117.53266149,58.2729422323,9381.9436994,0.201030036731,-0.366003199725,7.95272446616,3.17855023903,0.659547364603,-1.20079789936,26.0916157026,5.11538075588
1119207,1,7,32,2,2012-03-22 11:11:09,2012-03-22 11:15:37,495195.0,495463.0,0.0747222222222,0.0694444444444,0.0683333333333,0.00527777777778,0.92936802974,0.929104477612,20.0,1.0,1.07630522088,1.0,1.20165582013,1.44397671005,1.0,1.0,0.0,0.0,1.0,51.0149553571,23.4033949405,16.7520337302,33.3671931172,322.451173699,17.956925508,1.42574157305,6.90699404762,42.2282738095,35.3212797619,12.852405754,23.7839379476,17.254203869,23.7839379476,318.643470946,17.8505874118,1.0,7.19920014881,42.6423549107,35.4431547619,13.0477306548,4.0,32.0,69.0,14.0,16.0,7.0,6.0,10.0,12.0,30.0,34.0,16.0,0.0,0.0,0.0,0.0,0.0,246.0,1.6,12.8,27.6,5.6,6.4,2.8,2.4,4.0,4.8,12.0,13.6,6.4,0.0,0.0,0.0,0.0,0.0,1.99318736915,2.70548036968,2.79981764449,100.0,5.47223148473,7.71704278201,2.85037491656,0.0,0.0,0.0,0.0,21.6458554096,27.4860407348,8.78704731148,0.0,13.8765441883,4.66637778916,100.0,0.0323939938823,0.142810235133,0.0463253124311,0.0758396405148,0.0439704344411,0.0455036375661,0.0889366629464,0.125420138889,0.351796182622,0.446712962963,0.225526558366,0.0,0.0,0.0,0.0,0.0,1.62523575976,13.0,13.0,7.99883950496,7.99883950496,5.74280884487,-5.26745159397,1.59588301657,-1.42533063312,1.25976219107,-1.04554587254,1.29814572769,1.35506397809,1.68518233032,1.83619838472,0.590595372321,-2.21255010603,2.43997079263,-0.273417720871,1.84937542031,1.93913238516,0.830456537946,0.892222425,0.468,0.524,0.1872,0.1872,117.0,129.0,43.4944237918,47.9553903346,9.0,9.92307692308,2.0,3.0,29.0,37.0,7.22176198402,9.00821452864,52.1538461538,81.1479289941,6.0,6.0,5.0,5.0,10.0,11.0,5.0,6.0,3.0,2.0,2.0,1.0,0.0,0.0,0.0,0.0,0.0,1.23059069307,10.5,0.0,21.0,10.5,10.5,10.5,110.25,5.25,15.75,10.5,10.5,588.812298093,414.147277272,484.103067619,440.604765323,64.9234039241,4215.0483771,430.886680521,564.369792195,133.483111674,17.3478811609,-158.755920611,-158.755920611,234.945304676,38.0946920321,-196.850612643,0.939781218702,1.60735199634,0.846548711825,1.03893994058,-0.0160744094198,-0.969707451445,-0.434682952628,0.0688858121289,-1.5072136629,1.50575814597,-0.214948640701,1.43687233384,1.2922650222,0.489300563224,0.314671376394,0.0254564000336,-0.0496852387932,-0.0200444203475,-0.0293343731533,0.0193954621648,0.000376183952586,-0.0321206787044,-0.0127070747164,0.019413603988,0.00723553591559,12.9207812784,492.279919361,4.2075206783,18.6970816928,4.32401222163,-22.1386041288,-492.279919361,-3.75786197986,26.2655389406,5.12499160396,4.80448268105,113.867583781,2.53039075069,3.69540579687,1.92234382899,-10.226660141,-588.399654434,-2.89852046519,8.38325142436,2.89538450372,5930.21359832,414666.403331,1672.04194892,4286174.86061,2070.30791444,0.0,0.0,0.0,0.0,0.0,223.642387276,25649.9149985,103.427076607,6152.61410545,78.4386008637,0.0,0.0,0.0,0.0,0.0,1759.99936232,1447.01646529,361754.116323,260.050561049,86.9494649393,21737.3662348,5930.64174855,1659.46532567,414866.331417,223.647769376,102.599659994,25649.9149985,0.135938107392,-0.317364436912,17.8066324902,0.428723834418,0.445991165984,-1.04122190588,58.4207102695,0.689964130577
1119207,1,7,32,3,2012-03-22 15:00:25,2012-03-22 15:08:11,508951.0,509417.0,0.129722222222,0.103611111111,0.101944444444,0.0261111111111,0.798715203426,0.798283261803,65.0,1.0,1.25268817204,1.0,3.65598908841,13.3662562146,1.0,1.0,0.0,0.0,1.0,50.3748511905,20.6862877809,14.2615327381,30.0249693035,258.050404252,16.0639473434,1.45144308256,6.67075892857,39.1421130952,32.4713541667,8.89739583333,21.0244832214,14.4261160714,21.0244832214,255.158827585,15.9736917331,1.0,6.76982886905,39.4576636905,32.6878348214,9.0275297619,6.0,32.0,111.0,54.0,22.0,16.0,9.0,14.0,24.0,57.0,25.0,3.0,0.0,0.0,0.0,0.0,0.0,367.0,1.60857908847,8.57908847185,29.7587131367,14.4772117962,5.8981233244,4.28954423592,2.41286863271,3.75335120643,6.43431635389,15.2815013405,6.70241286863,0.804289544236,0.0,0.0,0.0,0.0,0.0,1.5251534618,4.59364358989,3.21926757591,100.0,5.87101599519,11.865762928,9.10157978986,0.0,0.0,0.0,0.0,31.71272074,15.4406909558,9.8625738737,0.0,1.95181003861,4.85578105125,100.0,0.0326890604332,0.211387431796,0.195076822917,0.104075376157,0.0984569072421,0.0689995039683,0.125835203786,0.254322368965,0.679708023313,0.33094484747,0.0418337156911,0.0,0.0,0.0,0.0,0.0,2.14332926174,18.0,18.0,8.39814970164,8.39814970164,5.4682452904,-5.73233265201,1.67114357437,-1.45170047874,1.26663719263,-0.964300814397,1.457115348,1.39712671563,2.12318513739,1.95196305953,0.516443569754,-2.28017474937,2.55365385419,-0.327353745033,2.03721028443,1.95282100434,0.865268053795,0.786205535826,0.461126005362,0.530831099196,0.123626274896,0.123626274896,172.0,195.0,36.8308351178,41.755888651,9.55555555556,10.8333333333,1.0,3.0,39.0,32.0,10.2698167366,8.81444521478,105.469135802,77.6944444444,5.5,7.0,2.5,5.0,9.75,12.75,7.25,7.75,3.5,3.5,3.0,0.0,1.0,1.0,0.0,0.0,0.0,1.39969161694,32.6666666667,0.0,66.0,32.0,32.6666666667,26.9485105752,726.222222222,16.0,49.0,33.0,32.0,493.184674726,285.257458545,389.090293727,411.333994439,61.0712859965,3729.70197327,338.139653059,433.590136221,95.4504831623,28.6892279433,-141.440366025,-141.440366025,441.530796669,150.045215322,-291.485581347,1.1837286774,5.76989404724,0.920522793388,0.217652805405,-0.0115771241427,-1.40814290506,-1.15509046751,0.14449656312,-1.94748858798,1.59052818193,-0.502644692222,1.44603161881,1.44484389576,0.122101539808,0.726499320669,0.117773052638,-0.1397097793,-0.0130508285325,-0.00805506519036,0.0528617736113,0.00279436710933,-0.0457462830019,0.0181436748133,0.0638899578152,0.0277509973881,17.9506352186,796.550282755,4.63110629508,21.9383113746,4.68383511395,-19.9525428864,-796.550282755,-4.02298122603,23.6556972314,4.86371228912,17.2465994285,448.495189624,2.75150423082,14.714894501,3.83599980461,-14.3063067584,-871.269908861,-4.20903337614,11.6779834681,3.41730646388,5688.42813545,450664.171247,1218.01127364,2872426.09629,1694.82332303,0.0,0.0,0.0,0.0,0.0,220.56056439,33826.6082612,91.4232655709,4922.54024784,70.1608170408,0.0,0.0,0.0,0.0,0.0,1474.16199668,1163.01692587,433805.313351,253.565594775,68.5440459723,25566.9291477,5710.18904256,1209.08511283,450988.747084,220.84157523,90.687957805,33826.6082612,0.2549344376,-0.377500781479,16.1648852004,0.975625754675,0.83639907349,-1.23851962427,53.0344002639,1.57011745453
1119207,1,7,32,6,2012-03-22 15:21:22,2012-03-22 15:37:33,510208.0,511179.0,0.27,0.166111111111,0.162777777778,0.103888888889,0.615226337449,0.614830072091,187.0,1.0,1.62646566164,1.0,8.58572905785,73.7147434549,1.0,1.0,0.0,0.0,1.0,53.2420386905,20.6904841002,16.9861607143,29.0698646403,221.984313527,14.8991380129,1.40498716702,7.63227306548,33.336625744,25.7043526786,10.3255952381,21.1141800203,17.6875697545,21.1141800203,217.584075456,14.7507313533,1.0,8.0486235119,33.7040178571,25.6553943452,10.6623883929,12.0,65.0,122.0,70.0,79.0,54.0,30.0,27.0,38.0,45.0,41.0,15.0,0.0,0.0,0.0,0.0,0.0,586.0,2.00668896321,10.8695652174,20.4013377926,11.7056856187,13.2107023411,9.03010033445,5.01672240803,4.51505016722,6.35451505017,7.52508361204,6.85618729097,2.50836120401,0.0,0.0,0.0,0.0,0.0,1.89550017393,9.68323684387,6.67829206443,100.0,7.16400512842,11.4441813409,7.1786002091,0.0,0.0,0.0,0.0,15.3352517184,15.6595810985,7.32803972309,0.0,6.2834508329,11.3498608664,100.0,0.0651468113721,0.251858811797,0.246722696294,0.390085559017,0.332805036272,0.229527509094,0.246221075149,0.393327277612,0.527060226521,0.538207165592,0.21595713459,0.0,0.0,0.0,0.0,0.0,3.43691930331,28.0,28.0,8.14683078914,8.14683078914,7.19059687232,-6.40455502701,1.83437951802,-1.88463649112,1.55074936038,-1.42066996574,1.41093014748,1.61707307855,1.99072388105,2.61492534138,0.662591916462,-2.75425657835,2.70757750028,-0.575937276586,2.04498558382,2.17831930176,0.957916884375,0.980888119754,0.501672240803,0.488294314381,0.083891679064,0.083891679064,300.0,286.0,30.8641975309,29.4238683128,10.7142857143,10.2142857143,2.0,2.0,34.0,30.0,8.14536302294,7.56569864047,66.3469387755,57.2397959184,7.5,7.0,5.0,5.0,13.75,13.25,8.75,8.25,3.0,3.0,6.0,0.0,3.0,2.0,0.0,0.0,0.0,1.74574945482,64.0,0.0,188.0,45.0,64.0,59.4166082281,3530.33333333,35.75,66.25,30.5,18.0,458.644866798,288.616011457,396.806328935,407.19025431,45.1547854656,2038.95465045,367.083064952,435.977110536,68.8940455837,37.9619054453,158.260322022,158.260322022,484.973847751,321.617084887,-163.356762864,0.81099305644,3.94517490482,0.708407675962,0.334619560435,-0.0366032336132,-1.18374465844,-0.804968259794,0.0542713339773,-1.96079152818,1.13985815237,-0.475274464639,1.08558681839,1.48551706355,0.329168007518,0.589556171083,0.092347620709,-0.0681143415503,0.0142977527036,0.00541056414063,0.0340954409641,0.00116249909454,0.000228376380826,0.0336180525369,0.0333896761561,0.0181649385898,21.427299828,1580.14281612,5.26714272042,26.4866926929,5.14652238826,-29.9233709112,-1580.14281612,-5.41144800043,40.2837381279,6.34694715024,11.7923918016,961.334989341,2.11747795009,6.64616699975,2.57801609765,-11.9760705192,-488.284296036,-3.53829200026,8.61337826719,2.93485574896,6733.08622021,655468.961522,1107.21108365,2751003.29653,1658.61487288,0.0,0.0,0.0,0.0,0.0,233.311084679,54242.3998841,91.62567548,4212.49966858,64.9037723756,0.0,0.0,0.0,0.0,0.0,1370.92019938,1186.08067147,709276.241536,283.251440106,64.9575858586,38844.6363435,6741.75844293,1097.33235917,656204.750781,233.411224351,90.7063543213,54242.3998841,0.375326095544,-0.289801808429,15.3950801136,1.5835976713,1.2313848279,-0.950793334741,50.5087930238,2.54855341073
1119207,1,7,32,4,2012-03-22 17:27:12,2012-03-22 17:36:49,517758.0,518335.0,0.160555555556,0.116944444444,0.114722222222,0.0436111111111,0.728373702422,0.727902946274,92.0,1.0,1.37380952381,1.0,4.89370633345,23.948361678,1.0,1.0,0.0,0.0,1.0,56.2056547619,22.2402739822,12.7215029762,33.4614750354,346.198526324,18.6064108931,1.50454419141,5.81145833333,40.8116071429,35.0001488095,9.38831845238,22.6710783209,13.1986607143,22.6710783209,343.137752145,18.5239777625,1.0,6.08422619048,41.2619047619,35.1776785714,9.58697916667,8.0,74.0,102.0,36.0,18.0,13.0,24.0,21.0,14.0,18.0,43.0,43.0,7.0,0.0,0.0,0.0,0.0,413.0,1.90023752969,17.5771971496,24.2280285036,8.55106888361,4.27553444181,3.08788598575,5.70071258907,4.98812351544,3.32541567696,4.27553444181,10.2137767221,10.2137767221,1.66270783848,0.0,0.0,0.0,0.0,2.88254432086,3.02407089305,6.94922550688,100.0,7.26025979672,5.60561831581,4.58159321149,0.0,0.0,0.0,0.0,7.96547953342,21.6488991935,8.69047643405,4.1282461986,23.8665808638,3.39700573173,100.0,0.0756863150968,0.228183876643,0.120297858021,0.0891944121507,0.0794023463335,0.182464244378,0.190631001467,0.147185453869,0.209147796792,0.56843025587,0.626659422536,0.10839442791,0.0,0.0,0.0,0.0,2.62567741107,22.0,22.0,8.37879013898,8.37879013898,6.98980317589,-8.1537109305,1.48909169094,-1.58889755608,0.837877174554,-1.0499109529,1.56739549858,1.60973204732,2.45672864898,2.59123726416,0.423303667634,-2.05900840446,2.06943003382,-0.46444455,1.64612636618,1.59456385446,0.648323560045,0.680843408705,0.510688836105,0.479809976247,0.121303761545,0.121303761545,215.0,212.0,37.1972318339,36.678200692,9.77272727273,9.63636363636,2.0,2.0,45.0,31.0,9.25856762033,7.37036729408,85.7210743802,54.3223140496,7.5,7.0,4.25,4.25,10.0,11.75,5.75,7.5,3.0,3.5,4.0,1.0,1.0,1.0,0.0,0.0,0.0,1.52341638891,37.25,0.0,93.0,28.0,37.25,35.1949925416,1238.6875,12.0,53.25,41.25,20.0,447.072305443,263.944305718,348.438090972,363.006820595,75.3301705937,5674.63460168,269.763771965,428.042670862,158.278898897,81.4967616946,-182.155779549,-182.155779549,337.099545249,77.4718828498,-259.627662399,0.798226329592,3.67130184142,0.506352175489,0.0507078190377,-0.00077592079441,-0.979475007229,-0.22675246249,0.0103433719904,-1.04124499577,0.205421728477,-0.10088760463,0.195078356486,0.940357391136,0.0471415162127,0.202519277089,0.0530516238468,-0.101336024667,-0.0103842870144,-0.00917423173366,0.0237461736431,0.000563880762687,-0.0164412245592,0.00210264927321,0.0185438738324,0.00978828887046,24.1291169274,915.088639204,4.25622622886,29.511758264,5.4324725737,-24.4444536098,-915.786066361,-4.53359438793,37.4205092546,6.11723052161,10.9737668875,231.568642257,1.51352053762,7.51168766584,2.74074582292,-24.5492455129,-776.044457194,-2.93956233786,24.2386659583,4.92327796882,7917.61793226,704142.005984,1688.58994241,5756037.71067,2399.17438105,0.0,0.0,0.0,0.0,0.0,246.260905748,41047.7436059,98.4358359853,6614.4794658,81.3294501752,0.0,0.0,0.0,0.0,0.0,1336.32903905,1041.50477139,438473.508757,315.662357799,84.0175668918,35371.3956615,7931.38792856,1673.57200295,704573.813242,246.403612936,97.5005786362,41047.7436059,0.221746379329,-0.350597541641,18.2578703776,0.665206215486,0.727514367878,-1.15025440171,59.9011495327,1.07054563166
1119207,1,7,32,2,2012-03-22 18:29:00,2012-03-22 18:36:03,521466.0,521889.0,0.117777777778,0.113888888889,0.111388888889,0.00388888888889,0.966981132075,0.966903073286,15.0,1.0,1.03422982885,1.0,0.691408651037,0.478045922729,1.0,1.0,0.0,0.0,1.0,52.8212797619,22.9284667175,16.179203869,32.5820333958,296.858068025,17.2295695833,1.42102975298,7.68606770833,38.0982700893,30.412202381,11.7308779762,23.4430707086,17.7587053571,23.4430707086,291.456820179,17.0721064951,1.0,7.85186011905,39.1043154762,31.2524553571,12.3526785714,9.0,39.0,104.0,49.0,14.0,15.0,27.0,35.0,22.0,21.0,45.0,30.0,0.0,0.0,0.0,0.0,0.0,401.0,2.19512195122,9.51219512195,25.3658536585,11.9512195122,3.41463414634,3.65853658537,6.58536585366,8.53658536585,5.36585365854,5.12195121951,10.9756097561,7.31707317073,0.0,0.0,0.0,0.0,0.0,1.59663471667,3.56612226823,8.04880238992,100.0,12.0864218767,8.67001741731,6.06021972072,0.0,0.0,0.0,0.0,9.47268615401,23.231586653,8.26163845014,0.0,16.4129413313,2.59292902201,100.0,0.0416928840112,0.215735966435,0.158250372024,0.0677090932794,0.0931220651455,0.210178183506,0.315612444196,0.226399956597,0.247360026042,0.606645864335,0.428590742808,0.0,0.0,0.0,0.0,0.0,2.61129759838,20.0,20.0,7.65902745532,7.65902745532,6.50255947541,-6.2223129221,1.52948830449,-1.73180157228,1.00937026908,-1.43960350179,1.55275734642,1.38309161716,2.41105537685,1.91294242146,0.394439573772,-2.60464344911,1.9109503351,-0.595069579688,1.51651076133,2.00957386942,0.726403934933,0.915466477902,0.521951219512,0.460975609756,0.127305175491,0.127305175491,214.0,187.0,50.4716981132,44.1037735849,10.7,9.35,2.0,1.0,25.0,31.0,7.20485947122,8.39806525338,51.91,70.5275,7.5,6.0,5.0,4.75,13.75,11.0,8.75,6.25,3.0,2.5,2.0,2.0,0.0,0.0,0.0,0.0,0.0,0.765902745532,10.5,5.0,16.0,10.5,10.5,5.5,30.25,7.75,13.25,5.5,5.5,429.980186145,242.496806081,357.163720142,393.494458291,71.5665604986,5121.7725816,272.534904963,423.706449456,151.171544493,34.2817338909,165.259632215,165.259632215,352.34664551,258.803138863,-93.5435066476,0.85938206222,4.06858248193,0.826847089018,0.365056076456,-0.0182687613869,-1.03937229608,-0.542885182432,0.0984529832755,-1.78620830046,1.06896172247,-0.350649295198,0.970508739197,1.43555900526,0.291543875023,0.278437689134,0.0739306745678,-0.0619979739754,0.0101331672763,0.00930161542118,0.0293234015734,0.000859861879838,0.00210695595214,0.030750948421,0.0286439924688,0.0130369287097,24.4967544237,1001.58777922,4.68031672535,33.9102677767,5.82325233669,-22.2639755855,-1001.58777922,-5.29940623928,30.5960502324,5.53136965248,12.161265308,773.579901167,2.47150128168,11.2438013387,3.35317779706,-13.1935066306,-279.607801301,-3.10675334779,9.77763127435,3.12692041382,6570.67461884,633024.738991,1570.78099005,4447320.7006,2108.86716049,0.0,0.0,0.0,0.0,0.0,231.419847476,41212.2124634,102.2635545,5615.13114695,74.9341787635,0.0,0.0,0.0,0.0,0.0,1285.23955066,1067.5862609,437710.36697,278.792195201,82.1934179726,33699.3013688,6583.18280698,1545.05417209,633472.210557,231.566632012,100.517591374,41212.2124634,0.364552597452,-0.247009490601,17.3569220076,1.21008192232,1.19603870555,-0.810398591211,56.9452821772,1.94743808119
