sampno,vehno,day_id,trip_id,mt_cnt,start_ts,end_ts,start_rts,end_rts,absolute_time_duration_hrs,speed_data_duration_hrs,driving_data_duration_hrs,non_recorded_time_hrs,collected_vs_real_time_ratio,mean_estimated_sampling_rate_hz,max_gap_between_samples_s,min_gap_between_samples_s,mean_gap_between_samples_s,median_gap_between_samples_s,std_gap_between_samples_s,var_gap_between_samples_s,gap_25th_percentile_s,gap_75th_percentile_s,gap_inter_quartile_range_s,gap_median_absolute_deviation_s,median_estimated_sampling_rate_hz,max_speed,total_average_speed,total_median_speed,total_root_mean_cubed_speed,total_speed_variance,total_speed_standard_deviation,total_speed_velocity_ratio,total_speed_25th_percentile,total_speed_75th_percentile,total_speed_inter_quartile_range,total_speed_median_absolute_deviation,driving_average_speed,driving_median_speed,driving_root_mean_cubed_speed,driving_speed_variance,driving_speed_standard_deviation,driving_speed_velocity_ratio,driving_speed_25th_percentile,driving_speed_75th_percentile,driving_speed_inter_quartile_range,driving_speed_median_absolute_deviation,zero_seconds,zero_five_seconds,five_ten_seconds,ten_fifteen_seconds,fifteen_twenty_seconds,twenty_twenty_five_seconds,twenty_five_thirty_seconds,thirty_thirty_five_seconds,thirty_five_fourty_seconds,fourty_fourty_five_seconds,fourty_five_fifty_seconds,fifty_fifty_five_seconds,fifty_five_sixty_seconds,sixty_sixty_five_seconds,sixty_five_seventy_seconds,seventy_seventy_five_seconds,seventy_five_plus_seconds,driving_time_seconds,percent_zero,percent_zero_five,percent_five_ten,percent_ten_fifteen,percent_fifteen_twenty,percent_twenty_twenty_five,percent_twenty_five_thirty,percent_thirty_thirty_five,percent_thirty_five_fourty,percent_fourty_fourty_five,percent_fourty_five_fifty,percent_fifty_fifty_five,percent_fifty_five_sixty,percent_sixty_sixty_five,percent_sixty_five_seventy,percent_seventy_seventy_five,percent_seventy_five_plus,percent_distance_zero_five,percent_distance_twenty_twenty_five,percent_distance_twenty_five_thirty,percent_distance_total,percent_distance_thirty_thirty_five,percent_distance_thirty_five_fourty,percent_distance_ten_fifteen,percent_distance_sixty_sixty_five,percent_distance_sixty_five_seventy,percent_distance_seventy_seventy_five,percent_distance_seventy_five_plus,percent_distance_fourty_fourty_five,percent_distance_fourty_five_fifty,percent_distance_five_ten,percent_distance_fifty_five_sixty,percent_distance_fifty_fifty_five,percent_distance_fifteen_twenty,percent_total,distance_zero_five,distance_five_ten,distance_ten_fifteen,distance_fifteen_twenty,distance_twenty_twenty_five,distance_twenty_five_thirty,distance_thirty_thirty_five,distance_thirty_five_fourty,distance_fourty_fourty_five,distance_fourty_five_fifty,distance_fifty_fifty_five,distance_fifty_five_sixty,distance_sixty_sixty_five,distance_sixty_five_seventy,distance_seventy_seventy_five,distance_seventy_five_plus,distance_total,total_number_of_acceleration_events,total_number_of_deceleration_events,acceleration_events_per_mile,deceleration_events_per_mile,max_acceleration_ft_per_second_squared,max_deceleration_ft_per_second_squared,average_acceleration_ft_per_second_squared,average_deceleration_ft_per_second_squared,median_acceleration_ft_per_second_squared,median_deceleration_ft_per_second_squared,std_acceleration_ft_per_second_squared,std_deceleration_ft_per_second_squared,var_acceleration_ft_per_second_squared,var_deceleration_ft_per_second_squared,acceleration_25th_percentile_ft_per_second_squared,deceleration_25th_percentile_ft_per_second_squared,acceleration_75th_percentile_ft_per_second_squared,deceleration_75th_percentile_ft_per_second_squared,acceleration_inter_quartile_range_ft_per_second_squared,deceleration_inter_quartile_range_ft_per_second_squared,acceleration_median_absolute_deviation_ft_per_second_squared,deceleration_median_absolute_deviation_ft_per_second_squared,cumulative_acceleration_duration,cumulative_deceleration_duration,cumulative_acceleration_cycle_duration_percent,cumulative_deceleration_cycle_duration_percent,absolute_time_cumulative_acceleration_duration,absolute_time_cumulative_deceleration_duration,absolute_time_cumulative_acceleration_cycle_duration_percent,absolute_time_cumulative_deceleration_cycle_duration_percent,average_acceleration_event_duration,average_deceleration_event_duration,min_acceleration_event_duration,min_deceleration_event_duration,max_acceleration_event_duration,max_deceleration_event_duration,std_acceleration_event_duration,std_deceleration_event_duration,var_acceleration_event_duration,var_deceleration_event_duration,median_acceleration_event_duration,median_deceleration_event_duration,acceleration_event_duration_25th_percentile,deceleration_event_duration_25th_percentile,acceleration_event_duration_75th_percentile,deceleration_event_duration_75th_percentile,acceleration_event_duration_inter_quartile_range,deceleration_event_duration_inter_quartile_range,acceleration_event_duration_median_absolute_deviation,deceleration_event_duration_median_absolute_deviation,total_stops,stops_0_30,stops_30_60,stops_60_plus,stops_300_plus,stops_1800_plus,stops_3600_plus,stops_per_mile,average_stop_duration,min_stop_duration,max_stop_duration,median_stop_duration,mean_stop_duration,std_stop_duration,var_stop_duration,stop_duration_25th_percentile,stop_duration_75th_percentile,stop_duration_inter_quartile_range,stop_duration_median_absolute_deviation,max_elevation,min_elevation,mean_elevation,median_elevation,std_of_elevation,var_of_elevation,elevation_25th_percentile,elevation_75th_percentile,elevation_inter_quartile_range,elevation_median_absolute_deviation,delta_elevation,delta_elevation_cumulative,absolute_delta_elevation_cumulative,total_elevation_gained,total_elevation_lost,average_absolute_elevation_rate_change,max_climbing_rate,average_climbing_rate,median_climbing_rate,max_descending_rate,average_descending_rate,median_descending_rate,climbing_rate_25th_percentile,descending_rate_25th_percentile,climbing_rate_75th_percentile,descending_rate_75th_percentile,climbing_rate_inter_quartile_range,descending_rate_inter_quartile_range,climbing_rate_median_absolute_deviation,descending_rate_median_absolute_deviation,max_road_grade,min_road_grade,mean_road_grade,median_road_grade,std_of_road_grade,var_of_road_grade,road_grade_25th_percentile,road_grade_75th_percentile,road_grade_inter_quartile_range,road_grade_median_absolute_deviation,maximum_kinetic_power_density_demand,total_kinetic_power_density_demand,average_kinetic_power_density_demand,variance_kinetic_power_density_demand,standard_deivation_kinetic_power_density_demand,maximum_kinetic_power_density_regen,total_kinetic_power_density_regen,average_kinetic_power_density_regen,variance_kinetic_power_density_regen,standard_deivation_kinetic_power_density_regen,maximum_potential_power_density_demand,total_potential_power_density_demand,average_potential_power_density_demand,variance_potential_power_density_demand,standard_deivation_potential_power_density_demand,maximum_potential_power_density_regen,total_potential_power_density_regen,average_potential_power_density_regen,variance_potential_power_density_regen,standard_deivation_potential_power_density_regen,maximum_aerodynamic_power_density_demand,total_aerodynamic_power_density_demand,average_aerodynamic_power_density_demand,variance_aerodynamic_power_density_demand,standard_deivation_aerodynamic_power_density_demand,maximum_aerodynamic_power_density_regen,total_aerodynamic_power_density_regen,average_aerodynamic_power_density_regen,variance_aerodynamic_power_density_regen,standard_deivation_aerodynamic_power_density_regen,maximum_rolling_power_density_demand,total_rolling_power_density_demand,average_rolling_power_density_demand,variance_rolling_power_density_demand,standard_deivation_rolling_power_density_demand,maximum_rolling_power_density_regen,total_rolling_power_density_regen,average_rolling_power_density_regen,variance_rolling_power_density_regen,standard_deivation_rolling_power_density_regen,maximum_instantanteous_potential_energy_density,average_instantanteous_potential_energy_density,cumulative_instanteous_potential_energy_density,maximum_instantanteous_kinetic_energy_density,average_instantanteous_kinetic_energy_density,cumulative_instanteous_kinetic_energy_density,maximum_instantanteous_aerodynamic_energy_density,average_instantanteous_aerodynamic_energy_density,cumulative_instanteous_aerodynamic_energy_density,maximum_instantanteous_rolling_energy_density,average_instantanteous_rolling_energy_density,cumulative_instanteous_rolling_energy_density,characteristic_acceleration,characteristic_deceleration,aerodynamic_speed,kinetic_intensity,ca_standard,cd_standard,as_standard,ki_standard
1212582,1,1,1,7,2012-02-21 13:57:11,2012-02-21 14:21:41,5.0,1475.0,0.408611111111,0.354444444444,0.350555555556,0.0541666666667,0.867437117607,0.867346938776,59.0,1.0,1.15294117647,1.0,2.50476823249,6.2738638985,1.0,1.0,0.0,0.0,1.0,65.5460565476,28.8417511301,24.6144717262,39.8479211182,412.968322016,20.3216220321,1.38160546974,12.3043154762,51.3278459821,39.023530506,14.6193080357,29.1617071648,24.8015252976,29.1617071648,408.219122887,20.2044332484,1.0,12.5911458333,51.578125,38.9869791667,14.3321428571,14.0,161.0,98.0,140.0,118.0,120.0,81.0,154.0,40.0,9.0,9.0,95.0,89.0,132.0,16.0,0.0,0.0,1262.0,1.09717868339,12.6175548589,7.6802507837,10.9717868339,9.24764890282,9.40438871473,6.34796238245,12.0689655172,3.13479623824,0.705329153605,0.705329153605,7.44514106583,6.97492163009,10.3448275862,1.2539184953,0.0,0.0,1.51929297569,7.25556786918,6.14456022138,100.0,13.4238533706,4.1806837564,4.87016804091,22.323587234,2.83702446125,0.0,0.0,1.01324192528,1.17708542045,1.97228174946,13.9059462047,13.6900289838,5.68667778699,100.0,0.155314258863,0.201622388233,0.497867463296,0.581337609012,0.741722080112,0.628146007445,1.37229347512,0.427382874504,0.103581679894,0.120331070188,1.39950407159,1.42157685392,2.2820953311,0.290023292824,0.0,0.0,10.2227984561,77.0,77.0,7.53218410112,7.53218410112,7.17531909107,-8.07987286808,1.39378557244,-1.62449751873,0.815506137723,-0.881964486161,1.40744855531,1.76179120369,1.98091143586,3.10390824541,0.30042665558,-2.3881900269,2.21278654788,-0.317397254566,1.9123598923,2.07079277233,0.648978322098,0.695957499442,0.53526645768,0.459247648903,0.0419487819499,0.0419487819499,683.0,579.0,46.4309993202,39.3609789259,8.87012987013,7.51948051948,1.0,0.0,36.0,36.0,6.27994261151,5.47155665215,39.4376792039,29.9379321977,8.0,7.0,4.0,4.0,11.0,10.0,7.0,6.0,4.0,3.0,7.0,4.0,2.0,0.0,0.0,0.0,0.0,0.684744009193,29.5714285714,0.0,60.0,22.0,29.5714285714,19.6821684553,387.387755102,21.0,41.5,20.5,5.0,237.922904553,93.6821954662,161.75335183,167.482300548,35.8265937679,1283.54482101,132.30963617,193.417861136,61.1082249661,28.6549966369,47.5566653895,47.5566653895,399.936699198,223.746682294,-176.190016904,0.313430015045,3.99453874766,0.245336274445,0.119391787478,-1.42108547152e-14,-0.501965860125,-0.0914649977181,0.0404383819623,-0.487981434167,0.244859537831,-0.0213514905426,0.204421155868,0.466629943624,0.0929659559236,0.0878173670233,0.0435947691804,-0.0505934162845,0.00342859543033,0.00271919870221,0.0112236647632,0.000125970650716,-3.61472391937e-05,0.00658288005723,0.00661902729642,0.00300940387376,16.8735763763,2801.11518234,4.10119353198,15.9438759402,3.99297832955,-29.340122377,-2801.11518234,-4.78006003813,26.7712186705,5.17409109608,11.9399436313,668.793806503,0.733326542219,1.49118511402,1.2211409067,-12.8196782697,-526.643751162,-1.50040954747,6.8777115184,2.62253913572,12560.1580022,3605304.28174,2841.05932367,15345383.6589,3917.31842705,0.0,0.0,0.0,0.0,0.0,287.207430699,161338.999509,127.138691497,7881.3646028,88.777049978,0.0,0.0,0.0,0.0,0.0,711.16748351,483.491593154,616935.272865,429.295078649,124.384871487,158715.096018,12579.0795208,2826.35145207,3606424.45284,287.351605732,126.441222186,161338.999509,0.183114049319,-0.174473758723,20.9351760837,0.417799995022,0.600767878342,-0.57242046825,68.6849609045,0.672383915189
1212582,1,1,1,2,2012-02-21 14:46:02,2012-02-21 14:48:58,2936.0,3112.0,0.0491666666667,0.0369444444444,0.0358333333333,0.0122222222222,0.751412429379,0.75,45.0,1.0,1.33333333333,1.0,3.81517438075,14.5555555556,1.0,1.0,0.0,0.0,1.0,24.4121279762,13.9651119055,14.1933035714,16.3581888457,41.4959252544,6.44173309401,1.17136110018,9.00944940476,19.411235119,10.4017857143,5.21793154762,14.3981386313,14.6710565476,14.3981386313,36.5478417827,6.04548110432,1.0,9.62998511905,19.6595982143,10.0296130952,5.04107142857,4.0,11.0,25.0,31.0,30.0,32.0,0.0,0.0,0.0,0.0,0.0,0.0,0.0,0.0,0.0,0.0,0.0,129.0,3.00751879699,8.27067669173,18.7969924812,23.3082706767,22.5563909774,24.0601503759,0.0,0.0,0.0,0.0,0.0,0.0,0.0,0.0,0.0,0.0,0.0,2.42487020798,37.4102896803,0.0,100.0,0.0,0.0,21.0680498001,0.0,0.0,0.0,0.0,0.0,0.0,10.7067526117,0.0,0.0,28.3900377,100.0,0.0125107129078,0.0552397021743,0.10869708478,0.146473658647,0.193012142444,0.0,0.0,0.0,0.0,0.0,0.0,0.0,0.0,0.0,0.0,0.0,0.515933300953,7.0,7.0,13.56764525,13.56764525,5.13071545179,-5.83021957902,1.81551694701,-2.43149591117,1.381111425,-2.14385465391,1.42531378827,1.69244693505,2.03151939504,2.86437662797,0.637847367188,-3.57033563287,2.70662263895,-1.26000772684,2.06877527176,2.31032790603,0.83514899933,1.31912728393,0.563909774436,0.421052631579,0.423992311606,0.423992311606,75.0,54.0,42.3728813559,30.5084745763,10.7142857143,7.71428571429,6.0,2.0,14.0,14.0,2.60298102261,3.61403161162,6.77551020408,13.0612244898,11.0,7.0,9.5,6.0,12.5,9.5,3.0,3.5,2.0,2.0,2.0,0.0,1.0,0.0,0.0,0.0,0.0,3.87647007143,23.0,0.0,46.0,23.0,23.0,23.0,529.0,11.5,34.5,23.0,23.0,239.238682102,180.829881601,209.905562085,204.807089669,22.0269387063,485.186028772,188.184602705,233.01787745,44.8332747451,22.5566403618,-57.0930229522,-57.0930229522,59.7245780491,1.31577754846,-58.4088005007,0.449056977813,0.222875692126,0.131577754846,0.144593242307,-0.00535598012814,-0.48271735951,-0.390920458188,0.107351248117,-0.666931606382,0.166880024264,-0.183710551612,0.0595287761464,0.48322105477,0.0367467105152,0.239479440151,0.0171737543153,-0.0425258613516,-0.0184787882506,-0.0209578828254,0.013740497678,0.00018880127644,-0.0289049876218,-0.0112974277894,0.0176075598324,0.00858989318203,11.8340265604,229.226043503,3.0563472467,6.61112620834,2.57121103925,-13.1894586035,-229.226043503,-4.0933222054,11.7850259556,3.43293255914,0.666190358606,3.93294714418,0.393294714418,0.034704969568,0.186292698644,-4.38226582777,-174.587813413,-1.44287449102,1.27848597021,1.13070153896,642.208848908,25896.8718015,197.686044286,32416.9689534,180.047129812,0.0,0.0,0.0,0.0,0.0,106.599170667,8142.60037962,62.1572548062,736.40093619,27.1367082785,0.0,0.0,0.0,0.0,0.0,715.100430655,627.421771953,83447.0956697,59.5489419157,23.6336690642,3143.27798554,649.869375385,195.530634837,26005.5744333,107.021910131,61.2225592452,8142.60037962,0.188855930601,-0.394386408123,7.89800543936,3.02758099534,0.619606071524,-1.29391866182,25.9120913365,4.87241930937
1212582,1,1,1,20,2012-02-21 15:01:14,2012-02-21 15:44:28,3848.0,6442.0,0.720833333333,0.568055555556,0.556944444444,0.152777777778,0.788053949904,0.787972243639,69.0,1.0,1.26908023483,1.0,3.12304779499,9.75342752977,1.0,1.0,0.0,0.0,1.0,56.1446428571,18.9606658032,18.3520089286,25.2695222149,148.60252187,12.1902634045,1.33273390699,8.55022321429,28.0099702381,19.4597470238,9.73958333333,19.3389334501,18.7222470238,19.3389334501,144.25186786,12.0104899092,1.0,9.1459077381,28.1374255952,18.9915178571,9.50543154762,40.0,270.0,273.0,284.0,252.0,269.0,250.0,228.0,90.0,32.0,21.0,31.0,5.0,0.0,0.0,0.0,0.0,2005.0,1.95599022005,13.2029339853,13.3496332518,13.8875305623,12.3227383863,13.1540342298,12.2249388753,11.1491442543,4.40097799511,1.56479217604,1.02689486553,1.51589242054,0.244498777506,0.0,0.0,0.0,0.0,2.31032041217,15.6138400783,17.6898263902,100.0,19.1133827374,8.57738160961,9.04266003855,0.0,0.0,0.0,0.0,3.49992328953,2.59677349401,5.25076910015,0.717797138642,4.17823825337,11.4090874581,100.0,0.248837947395,0.565545193751,0.973958828884,1.2288399002,1.68172167617,1.90532017357,2.05864732143,0.923845031415,0.376966641865,0.279690982556,0.450025989997,0.0773118592923,0.0,0.0,0.0,0.0,10.7707115465,106.0,106.0,9.84150392871,9.84150392871,6.59401163973,-8.92680758438,1.42216034089,-1.66452207101,0.996329591518,-1.17889907746,1.40527571804,1.64688667704,1.9747998437,2.71223572701,0.391302172266,-2.29352234665,1.86184318108,-0.488343364955,1.47054100882,1.8051789817,0.673040827567,0.804306978432,0.533985330073,0.456234718826,0.0261117520818,0.0261117520818,1092.0,913.0,42.0809248555,35.183044316,10.3018867925,8.61320754717,1.0,0.0,36.0,27.0,7.68749267381,5.84318786525,59.0975436098,34.1428444286,8.0,7.0,4.0,5.0,15.75,11.0,11.75,6.0,4.0,3.0,20.0,13.0,4.0,2.0,0.0,0.0,0.0,1.85688753372,29.4,0.0,70.0,28.5,29.4,15.9260792413,253.64,18.0,33.0,15.0,7.0,204.595688895,94.8545801487,145.416401968,137.495508139,33.0795384717,1094.2558655,120.414157116,173.864733988,53.450576872,33.1290748105,-10.1563665476,-10.1563665476,398.587087304,194.215360378,-204.371726926,0.194908111151,3.32117259577,0.297876319599,0.0403479821822,-1.42108547152e-14,-0.153547503325,-0.0643968327976,0.00900444979506,-0.19278692161,0.367902521086,-0.0232022741612,0.358898071291,0.169584647448,0.0394320027782,0.0565581633512,0.0480468271351,-0.0460527236656,-0.00148621760609,-0.00157145654045,0.0115239366618,0.000132801116185,-0.00501049629538,0.000364492063141,0.00537498835852,0.00275618175772,17.1105871748,3730.40327165,3.41612021213,11.6534501202,3.41371500277,-30.272872625,-3730.40327165,-3.99828860841,22.4976672088,4.7431705861,9.92720714164,580.522709063,0.890372253164,2.39832302389,1.54865200219,-7.97532513774,-610.880768338,-0.458963762838,0.528541275879,0.727008442784,7884.55376294,1472406.35954,727.114251625,1350020.43981,1161.90379972,0.0,0.0,0.0,0.0,0.0,245.917593028,169986.313668,83.9438586013,2804.84883837,52.9608236187,0.0,0.0,0.0,0.0,0.0,611.550205651,434.659356748,888878.384549,314.977419289,50.7714979141,103827.713234,7905.58710898,720.775887085,1473986.68909,246.136138893,83.122891769,169986.313668,0.222851352215,-0.224602733579,13.0341345533,1.31174939841,0.731139607004,-0.736885608856,42.7629086396,2.11105602384
1212582,1,1,1,1,2012-02-21 20:09:33,2012-02-21 20:12:40,22347.0,22534.0,0.0522222222222,0.0522222222222,0.0516666666667,0.0,1.0,1.0,1.0,1.0,1.0,1.0,0.0,0.0,1.0,1.0,0.0,0.0,1.0,35.9686755952,18.2769930978,20.0830729167,22.9087177151,112.081652531,10.5868622609,1.25341830533,6.92047991071,27.0972842262,20.1768043155,8.86063988095,18.4735199053,20.4202008929,18.4735199053,109.6562897,10.4716899161,1.0,7.92425993835,27.237983631,19.3137236926,8.76279761905,2.0,36.0,16.0,18.0,22.0,28.0,34.0,27.0,5.0,0.0,0.0,0.0,0.0,0.0,0.0,0.0,0.0,186.0,1.06382978723,19.1489361702,8.51063829787,9.57446808511,11.7021276596,14.8936170213,18.085106383,14.3617021277,2.65957446809,0.0,0.0,0.0,0.0,0.0,0.0,0.0,0.0,3.51634526908,18.3815059227,26.6352379246,100.0,24.7885367794,5.17685644723,6.85611992759,0.0,0.0,0.0,0.0,0.0,0.0,3.28603438365,0.0,0.0,11.3593633457,100.0,0.0335622917331,0.0313640544912,0.0654392784436,0.10842116952,0.175445076368,0.254224075624,0.236597955936,0.0494112929894,0.0,0.0,0.0,0.0,0.0,0.0,0.0,0.0,0.954465195106,8.0,8.0,8.38165712173,8.38165712173,6.9385789579,-5.7447867719,2.53312582279,-1.73439245525,2.42098269308,-1.3249110154,1.74653855304,1.46568204156,3.05039691726,2.14822384694,1.00786782402,-2.58265435681,4.00111450061,-0.463782967508,2.9932466766,2.1188713893,1.53197951484,1.02082860502,0.404255319149,0.590425531915,0.215029425079,0.215029425079,76.0,110.0,40.4255319149,58.5106382979,9.5,13.75,4.0,2.0,19.0,26.0,4.44409720866,8.42244026396,19.75,70.9375,9.5,16.0,7.0,5.25,11.0,20.25,4.0,15.0,1.5,7.5,1.0,0.0,0.0,0.0,0.0,0.0,0.0,1.04770714022,0.0,0.0,0.0,0.0,0.0,0.0,0.0,0.0,0.0,0.0,0.0,190.446654808,169.554393658,180.290890337,180.789041487,7.48778264022,56.0668888672,172.858970326,187.271282521,14.4123121945,7.59953565819,19.7731397545,19.7731397545,22.0113825457,20.8922611501,-1.11912139559,0.117081822052,0.331369340396,0.12007046638,0.0968108479282,-0.00635689797019,-0.0860862611996,-0.0762039595703,0.0398435907608,-0.149723322827,0.190463661295,-0.0190152639238,0.150620070535,0.130708058903,0.0737581902653,0.0614260198638,0.00723171497902,-0.00556294537287,0.0036307789838,0.00402334579843,0.0024417579148,5.9621817145e-06,0.002562364021,0.00495511497898,0.00239275095798,0.00107716968707,14.1573730324,475.630976213,6.25830231859,20.525226445,4.53047750739,-13.9933441961,-475.630976213,-4.28496374967,14.365890597,3.79023621916,0.990485133679,62.4483666878,0.358898659125,0.0693936043914,0.263426658468,-0.546102118048,-3.34512874304,-0.257317595618,0.0381181625661,0.195238732238,2065.61805186,100736.509678,538.697912717,308297.353203,555.245309033,0.187480810893,0.0,0.0,0.0,0.0,157.354816893,15063.6306004,80.5541743336,2115.68669532,45.9965943883,5.61271447834,0.0,0.0,0.0,0.0,569.257795911,538.901536284,101313.488821,129.274142907,44.5783846589,8380.73631588,2078.65540275,537.046017122,100964.651219,157.685408288,80.1256946829,15063.6306004,0.325034440204,-0.286557343695,11.452596418,2.47811506113,1.06638595867,-0.940148765403,37.5741352297,3.98813960493
1212582,1,1,1,3,2012-02-21 21:31:02,2012-02-21 21:38:45,27236.0,27699.0,0.128888888889,0.110555555556,0.108888888889,0.0183333333333,0.85775862069,0.857451403888,35.0,1.0,1.16624685139,1.0,2.33742291071,5.4635458635,1.0,1.0,0.0,0.0,1.0,41.5468005952,21.312494267,24.5713541667,25.9457977147,130.443481072,11.4211856246,1.21739846072,10.2333519345,29.6335751488,19.4002232143,6.62109375,21.6387059139,25.0875,21.6387059139,125.381267072,11.1973776873,1.0,11.234375,29.671000744,18.436625744,6.62124255952,6.0,56.0,36.0,21.0,39.0,43.0,112.0,44.0,32.0,9.0,0.0,0.0,0.0,0.0,0.0,0.0,0.0,392.0,1.50753768844,14.0703517588,9.04522613065,5.27638190955,9.79899497487,10.8040201005,28.1407035176,11.0552763819,8.04020100503,2.26130653266,0.0,0.0,0.0,0.0,0.0,0.0,0.0,2.34227634068,11.3422190596,37.267506739,100.0,16.4736364688,13.8128436625,3.05379485866,0.0,0.0,0.0,0.0,4.35066543284,0.0,3.07147109523,0.0,0.0,8.28558634265,100.0,0.0551890581412,0.0723704517307,0.0719539616561,0.195226198743,0.267247026433,0.878102451224,0.388154234871,0.325460245122,0.102511016038,0.0,0.0,0.0,0.0,0.0,0.0,0.0,2.35621464396,24.0,24.0,10.1858292331,10.1858292331,6.36832486004,-6.40510066205,1.70919827302,-1.5681479301,1.06911730647,-1.12460839051,1.72394053008,1.44629605483,2.97197095125,2.09177227822,0.393075486161,-2.59828680084,2.72944277539,-0.428178007366,2.33636728923,2.17010879347,0.809744231652,0.812668835491,0.474874371859,0.517587939698,0.119315168809,0.119315168809,189.0,203.0,40.7327586207,43.75,7.875,8.45833333333,2.0,1.0,20.0,25.0,4.71091374718,6.46773509215,22.1927083333,41.8315972222,6.0,7.0,4.75,3.0,11.25,11.5,6.5,8.5,3.0,4.0,3.0,0.0,2.0,0.0,0.0,0.0,0.0,1.27322865414,23.3333333333,0.0,36.0,34.0,23.3333333333,16.5193489245,272.888888889,17.0,35.0,18.0,2.0,215.91680916,190.446654808,204.258636337,203.670639303,8.33631890597,69.494212902,196.980588407,213.915454811,16.9348664039,7.56132743751,24.4991877326,24.4991877326,32.4366787065,28.4679332195,-3.96874548697,0.0814991927299,0.263528695037,0.0849789051329,0.0737286524434,-0.00127299352064,-0.0661457581162,-0.0631113076711,0.0273382253313,-0.0834455419177,0.128252126561,-0.0308276544893,0.10091390123,0.0526178874284,0.0493546662691,0.0303896775142,0.00632030902125,-0.00419376001358,0.00226340418421,0.00212606121005,0.00230055580839,5.29255702753e-06,0.00097717836227,0.00432703050679,0.00334985214452,0.00168414303328,17.4266720946,818.478746266,4.33057537707,17.7648355613,4.21483517605,-16.2015476076,-818.478746266,-3.97319779741,13.7957436164,3.71426219004,0.787704904805,85.0925574673,0.254007634231,0.039794430561,0.199485414407,-0.546837005054,-11.862845849,-0.197714097483,0.0171952245753,0.131130563086,3198.50869371,310173.486841,785.249333776,570023.834111,754.999227887,0.0,0.0,0.0,0.0,0.0,182.045443736,37186.423553,94.142844438,2447.64781618,49.4737083326,0.0,0.0,0.0,0.0,0.0,645.389791731,610.542732999,242996.007733,172.479682625,58.4212079962,23251.6407825,3203.47924355,780.207716053,310522.670989,182.139712027,93.4332250076,37186.423553,0.226583535728,-0.207271698696,12.7904394455,1.38502437817,0.743384303569,-0.68002525819,41.9633840074,2.22898067286
1212582,1,1,1,5,2012-02-21 22:05:13,2012-02-21 22:13:09,29287.0,29763.0,0.1325,0.112222222222,0.109444444444,0.0202777777778,0.846960167715,0.846638655462,23.0,1.0,1.18114143921,1.0,1.82740149276,3.33939621573,1.0,1.0,0.0,0.0,1.0,42.9290922619,20.8829066417,22.5447916667,26.3442740789,150.255332057,12.2578681693,1.26152333729,9.38013392857,30.9762462798,21.5961123512,10.3868303571,21.4129296529,23.1506324405,21.4129296529,142.719573711,11.9465297769,1.0,10.6702008929,31.0981956845,20.4279947917,9.98177083333,10.0,57.0,38.0,37.0,42.0,40.0,63.0,64.0,36.0,17.0,0.0,0.0,0.0,0.0,0.0,0.0,0.0,394.0,2.47524752475,14.1089108911,9.40594059406,9.15841584158,10.396039604,9.90099009901,15.5940594059,15.8415841584,8.91089108911,4.20792079208,0.0,0.0,0.0,0.0,0.0,0.0,0.0,2.39268228678,10.6971645283,20.7253336083,100.0,24.6580845234,15.5411569012,5.61071097776,0.0,0.0,0.0,0.0,8.41423912163,0.0,3.32760203853,0.0,0.0,8.63302601405,100.0,0.0560731360292,0.0779832252648,0.131488481197,0.202317225611,0.250690852285,0.485703621032,0.577868668706,0.364211082176,0.197189897487,0.0,0.0,0.0,0.0,0.0,0.0,0.0,2.34352618979,17.0,17.0,7.25402603738,7.25402603738,7.29328538772,-8.49215470781,2.27550851819,-2.40453219706,1.94126036183,-1.9556105635,1.77295273304,2.06199035822,3.1433613936,4.25180423737,0.760724379241,-3.73479003532,3.69384012522,-0.603663331641,2.93311574598,3.13112670368,1.37401816942,1.49154795804,0.507425742574,0.480198019802,0.12560043133,0.12560043133,205.0,189.0,42.9769392034,39.6226415094,12.0588235294,11.1176470588,1.0,1.0,24.0,23.0,8.00345945962,6.31415173327,64.0553633218,39.8685121107,13.0,11.0,4.0,6.0,20.0,16.0,16.0,10.0,7.0,5.0,5.0,4.0,0.0,0.0,0.0,0.0,0.0,2.13353706982,16.2,0.0,24.0,19.0,16.2,8.42377587546,70.96,17.0,21.0,4.0,2.0,216.009067839,190.537045751,204.499921917,203.58661107,7.74003098072,59.9080795825,199.432511629,212.632571977,13.2000603472,6.25870678063,-23.923869354,-23.923869354,33.4331194108,4.75462502838,-28.6784943824,0.0827552460663,0.144997113655,0.0440243058184,0.0314134671427,-0.00106992617864,-0.0985515270874,-0.0808780183687,0.00700298628702,-0.129842477999,0.0715314936742,-0.0395721148782,0.0645285073872,0.0902703631205,0.027600418356,0.0456257220818,0.00736316666139,-0.00742423421211,-0.00152351474997,-0.00189159980139,0.00281209388808,7.9078720354e-06,-0.00327257237412,0.000276040002445,0.00354861237656,0.00172371975041,20.7421683713,1181.43843103,5.76311429772,22.1113303904,4.70226864294,-28.055818295,-1181.43843103,-6.08988881975,38.8505442397,6.23302047483,0.433406075923,14.2118923893,0.131591596198,0.0143923692048,0.119968200807,-0.982130539002,-85.7219388739,-0.294577109532,0.0532478783972,0.230755018141,3525.18031793,329297.51715,825.307060526,784226.927474,885.565879804,0.0,0.0,0.0,0.0,0.0,188.043222981,36986.170901,92.6971701781,2797.17471827,52.8883230805,0.0,0.0,0.0,0.0,0.0,645.665559097,611.263951746,246950.636505,184.147651279,58.5896000811,23670.1984328,3533.98151733,816.7099858,329950.834263,188.199630059,91.5499279729,36986.170901,0.303850932215,-0.322811370137,13.2144739058,1.74004635351,0.996886260547,-1.05909242171,43.3545731818,2.80033315875
1212582,1,2,7,3,2012-02-22 02:02:18,2012-02-22 02:08:33,43512.0,43887.0,0.104444444444,0.0955555555556,0.0938888888889,0.00888888888889,0.914893617021,0.914666666667,19.0,1.0,1.09329446064,1.0,1.22773414428,1.50733112904,1.0,1.0,0.0,0.0,1.0,43.8683035714,31.1473506281,35.5864955357,33.8210316898,107.435690838,10.3651189495,1.08583975869,27.7900669643,38.4107142857,10.6206473214,3.53031994048,31.7002621777,35.6409598214,31.7002621777,91.815392195,9.58203486714,1.0,28.534858631,38.4981026786,9.96324404762,3.46837797619,6.0,8.0,10.0,14.0,17.0,19.0,25.0,60.0,160.0,25.0,0.0,0.0,0.0,0.0,0.0,0.0,0.0,338.0,1.74418604651,2.32558139535,2.90697674419,4.06976744186,4.94186046512,5.52325581395,7.26744186047,17.4418604651,46.511627907,7.26744186047,0.0,0.0,0.0,0.0,0.0,0.0,0.0,0.341793049935,3.9714353797,6.38061665945,100.0,18.2490089001,56.1492225831,1.69817259997,0.0,0.0,0.0,0.0,9.65890831258,0.0,0.747594456778,0.0,0.0,2.80324805842,100.0,0.0101727947255,0.0222506717097,0.0505427517361,0.0834331390542,0.118201926257,0.189906446346,0.543145688657,1.67117065559,0.287478319279,0.0,0.0,0.0,0.0,0.0,0.0,0.0,2.97630239335,18.0,18.0,6.04777257855,6.04777257855,8.27968442143,-6.35348358683,1.77319838638,-1.78362896513,0.807212485045,-0.993328598772,1.98160775322,1.82301069449,3.92676928761,3.32336799224,0.358700478348,-2.96574472165,2.76129527042,-0.301354235156,2.40259479208,2.6643904865,0.631954508705,0.807376175558,0.497093023256,0.494186046512,0.14450378583,0.14450378583,171.0,167.0,45.4787234043,44.414893617,9.5,9.27777777778,1.0,4.0,22.0,20.0,6.66874967458,4.30510750357,44.4722222222,18.5339506173,7.0,7.5,4.0,7.0,17.0,11.25,13.0,4.25,4.5,1.5,3.0,2.0,0.0,0.0,0.0,0.0,0.0,1.00796209643,12.0,0.0,20.0,16.0,12.0,8.64098759788,74.6666666667,8.0,18.0,10.0,4.0,253.860070782,191.021973186,218.467868614,220.269573523,16.4082508585,269.230696235,201.645169077,228.807162609,27.1619935318,9.55929431907,20.2149474435,20.2149474435,187.066584886,103.640766165,-83.4258187213,0.543798211878,2.27369097283,0.563265033504,0.358529668351,-0.00151383028634,-0.531374641537,-0.449888435722,0.165791035265,-0.850324358641,0.851034194155,-0.146077383482,0.68524315889,0.704246975159,0.255624210152,0.345811903281,0.038334953576,-0.0295307896319,0.00116002084351,0.00127065609719,0.0142045582821,0.000201769475989,-0.00910592217161,0.00977055516525,0.0188764773369,0.00918764662402,19.171034067,953.81180989,5.57784684146,25.4850923048,5.0482761716,-18.2402387996,-953.81180989,-5.61065770523,25.3560868382,5.03548278105,6.79621447319,309.789185707,1.68363687884,2.53920293675,1.59348766445,-4.63636064049,-249.365355014,-1.58831436314,1.50807275854,1.22803613894,3760.91586466,594013.604491,1741.97537974,943287.938773,971.230116282,0.0,0.0,0.0,0.0,0.0,192.144709112,46972.8179073,137.750199142,1902.3439107,43.6158676482,0.0,0.0,0.0,0.0,0.0,758.804739884,653.015079158,224637.18723,192.293433257,107.675672281,37040.4312648,3771.04468057,1728.10334838,594467.551842,192.317099395,136.548889265,46972.8179073,0.220299289681,-0.207684433139,15.7488999582,0.888203843945,0.722766698428,-0.681379373815,51.6696192854,1.42942552703
1212582,1,2,7,1,2012-02-22 03:11:39,2012-02-22 03:14:20,47673.0,47834.0,0.045,0.045,0.0444444444444,0.0,1.0,1.0,1.0,1.0,1.0,1.0,0.0,0.0,1.0,1.0,0.0,0.0,1.0,40.4171875,21.9730516975,21.8187765731,26.6630768972,127.726199219,11.3016016219,1.21344441656,13.1437313988,31.8247209821,18.6809895833,9.33865327381,22.2477148437,21.8771205357,22.2477148437,123.212149354,11.1000968173,1.0,13.4189546131,31.8928013393,18.4738467262,9.21744791667,2.0,13.0,15.0,20.0,22.0,25.0,19.0,18.0,22.0,6.0,0.0,0.0,0.0,0.0,0.0,0.0,0.0,160.0,1.23456790123,8.02469135802,9.25925925926,12.3456790123,13.5802469136,15.4320987654,11.7283950617,11.1111111111,13.5802469136,3.7037037037,0.0,0.0,0.0,0.0,0.0,0.0,0.0,1.46422108419,15.820874735,14.4736766747,100.0,16.4533099996,23.2728452457,7.22195955171,0.0,0.0,0.0,0.0,6.77795208953,0.0,3.35965574343,0.0,0.0,11.1555048762,100.0,0.0144780325107,0.0332198502014,0.0714098207642,0.11030421841,0.156434804304,0.143113880622,0.162688244048,0.230118944279,0.06701953125,0.0,0.0,0.0,0.0,0.0,0.0,0.0,0.988787326389,7.0,7.0,7.07937876344,7.07937876344,7.39335485491,-7.68101365045,2.71890484578,-2.82215439689,2.39418032021,-2.65942520759,1.92984195074,1.96371619692,3.72428995485,3.85618130205,1.13309301546,-4.66664505153,4.38136074279,-1.1939508099,3.24826772733,3.47269424163,1.55591340634,1.71493094531,0.506172839506,0.487654320988,0.312452370066,0.312452370066,82.0,78.0,50.6172839506,48.1481481481,11.7142857143,11.1428571429,4.0,8.0,22.0,13.0,5.99319341812,2.09956263667,35.9183673469,4.40816326531,11.0,12.0,7.0,9.5,15.5,13.0,8.5,3.5,6.0,1.0,1.0,0.0,0.0,0.0,0.0,0.0,0.0,1.01133982335,0.0,0.0,0.0,0.0,0.0,0.0,0.0,0.0,0.0,0.0,0.0,247.495424274,206.555845155,224.033080343,220.457050969,12.865432857,165.519362597,212.950998251,236.052927768,23.1019295174,9.28479944177,36.258503644,36.258503644,114.539175437,75.3988395405,-39.1403358965,0.707031947142,2.19818194782,0.608055157584,0.498852682718,-0.0163282353066,-1.05784691612,-0.841147596931,0.197799968201,-1.95891981611,0.872637204969,-0.30707011579,0.674837236768,1.65184970032,0.307341830049,0.587880183065,0.0402878081204,-0.0458338676399,0.00701786699305,0.0110517008987,0.0230440601356,0.000531028707533,0.0031253313778,0.0219932130813,0.0188678817035,0.0108168734998,21.4781268651,594.021689664,7.24416694712,26.405910486,5.13866816266,-28.5540716047,-594.021689664,-7.51926189448,44.9356029814,6.70340234369,6.57051294436,225.372177077,1.81751755707,2.39103361804,1.5462967432,-6.76311810116,-116.993083266,-3.1619752234,5.3297363632,2.30862217853,2942.98122217,136807.360597,849.73515899,819605.05658,905.320416527,0.18342456582,0.0,0.0,0.0,0.0,177.062434918,15605.3118578,96.9274028436,2386.4402041,48.8512047354,5.57194099605,0.0,0.0,0.0,0.0,739.780385549,669.649869439,108483.278849,163.228109771,61.0067302927,9883.09030741,2949.22172854,846.720263315,137168.682657,177.187527962,96.3290855421,15605.3118578,0.419293490535,-0.351186178742,13.1127518238,2.43854310446,1.37563481147,-1.1521856258,43.0208393171,3.92445471391
1212582,1,2,7,2,2012-02-22 03:51:57,2012-02-22 03:57:27,50091.0,50421.0,0.0919444444444,0.0830555555556,0.0819444444444,0.00888888888889,0.90332326284,0.90303030303,19.0,1.0,1.10738255034,1.0,1.31659995095,1.73343543084,1.0,1.0,0.0,0.0,1.0,48.8369791667,30.6366786859,37.462797619,35.5384450938,200.426843687,14.1572187836,1.15999666472,19.557328869,40.6960565476,21.1387276786,5.84947916667,31.0520912782,37.7503720238,31.0520912782,190.245066069,13.7929353681,1.0,20.7472842262,40.7420014881,19.9947172619,5.49605654762,4.0,16.0,29.0,15.0,12.0,14.0,13.0,23.0,75.0,75.0,23.0,0.0,0.0,0.0,0.0,0.0,0.0,295.0,1.33779264214,5.35117056856,9.69899665552,5.01672240803,4.01337792642,4.68227424749,4.34782608696,7.69230769231,25.0836120401,25.0836120401,7.69230769231,0.0,0.0,0.0,0.0,0.0,0.0,0.699297924435,3.38132282026,3.8271955914,100.0,8.09179680436,30.7991819877,1.94871887538,0.0,0.0,0.0,0.0,33.9928723739,11.6901545995,3.2472401443,0.0,0.0,2.32221887876,100.0,0.0179604580026,0.0834006768767,0.0500500320354,0.0596428406085,0.0868443969081,0.0982959955771,0.207826123305,0.791032541749,0.87305787037,0.300244750331,0.0,0.0,0.0,0.0,0.0,0.0,2.56835568576,18.0,18.0,7.00837508596,7.00837508596,7.39553739509,-8.77086508862,1.93646084186,-2.05269977713,1.11615104732,-0.977014110937,1.91341387853,2.32963686152,3.66115267055,5.42720790657,0.488125110937,-3.18611580348,3.17701461094,-0.28104842697,2.6888895,2.90506737651,0.836131142411,0.854246225893,0.511705685619,0.481605351171,0.171139025291,0.171139025291,153.0,156.0,46.2235649547,47.1299093656,8.5,8.66666666667,2.0,2.0,17.0,29.0,4.99165971062,7.29535620941,24.9166666667,53.2222222222,7.5,6.0,3.5,3.25,13.25,12.0,9.75,8.75,4.5,3.0,2.0,1.0,0.0,0.0,0.0,0.0,0.0,0.778708342885,10.0,0.0,20.0,10.0,10.0,10.0,100.0,5.0,15.0,10.0,10.0,255.648686488,190.286119279,215.990989354,213.998279603,20.4599444,418.609324852,199.037639905,229.953888962,30.9162490566,15.8275958674,-57.2058626161,-57.2058626161,135.042457362,38.9182973729,-96.1241599889,0.450833766898,1.20424334547,0.324319144774,0.172051157705,-0.0025952293561,-0.541700558924,-0.255705493697,0.051467092345,-0.874672547791,0.558118904847,-0.0858943711852,0.506651812502,0.788778176606,0.148273516697,0.235922573246,0.0181676192496,-0.0380946045343,-0.00318347030608,-0.00167715906416,0.0110918579543,0.000123029312879,-0.00735167546226,0.00364846745358,0.0110001429158,0.00539880978277,21.8031818417,982.29668033,6.42023974072,33.2007730122,5.76201119508,-27.2412720166,-981.721281955,-6.81750890247,54.5168991077,7.3835559934,3.59956394758,116.32939526,0.969411627167,1.00705490214,1.00352125147,-7.70746723592,-287.321546836,-1.62328557534,3.34011246914,1.82759745818,5195.90242723,598927.963729,2016.59247047,2190467.20726,1480.02270498,0.0,0.0,0.0,0.0,0.0,214.001905123,40158.72631,135.2145667,3736.70616874,61.1286035236,0.0,0.0,0.0,0.0,0.0,764.151031922,645.611521298,193037.844868,238.319927698,113.814881635,34030.6496087,5203.02048178,2004.95405321,599481.261909,214.099598386,134.310121438,40158.72631,0.227873672224,-0.269242396064,17.0255982673,0.786120981696,0.747617034856,-0.883341194437,55.8582620319,1.26513908517
1212582,1,2,7,3,2012-02-22 13:33:36,2012-02-22 14:35:54,84990.0,88728.0,1.03861111111,1.03,1.02833333333,0.00861111111111,0.991709013105,0.991706795078,18.0,1.0,1.00836255732,1.0,0.361612535414,0.130763625768,1.0,1.0,0.0,0.0,1.0,76.6914434524,41.0015008472,51.4461681548,52.4708521682,662.538613263,25.7398254319,1.27973003632,10.3184337798,64.4174479167,54.0990141369,17.4801339286,41.0679538469,51.4925595238,41.0679538469,660.883331041,25.707651216,1.0,10.462844122,64.4267671131,53.9639229911,17.437202381,6.0,403.0,505.0,171.0,100.0,79.0,77.0,110.0,104.0,92.0,148.0,266.0,332.0,445.0,571.0,281.0,18.0,3702.0,0.161812297735,10.8683926645,13.619201726,4.61165048544,2.69687162891,2.13052858684,2.07659115426,2.9665587918,2.80474649407,2.4811218986,3.99137001079,7.1736785329,8.95361380798,12.0010787487,15.3991370011,7.57820927724,0.485436893204,0.903478945698,1.13367111793,1.37081292344,100.0,2.37788450102,2.57030799373,1.38398661995,18.3885942983,25.3628862238,13.2300725736,0.89829655413,2.57519792562,4.62917420884,2.27444877493,12.5502565176,9.20593557124,1.14499525012,100.0,0.381553125402,0.960534877731,0.584478944274,0.483549194293,0.478766838211,0.578915488591,1.00421738385,1.08548079944,1.08754589327,1.95497182953,3.88780890377,5.30016733838,7.76578763641,10.7111389302,5.58726416791,0.379364521329,42.2315458726,205.0,205.0,4.85419123937,4.85419123937,6.84368211094,-7.65471404129,0.859232551256,-0.913323514093,0.607455495201,-0.597688627902,0.885356492748,1.07673064896,0.783856119252,1.15934889041,0.253502041741,-1.14537889788,1.17491594163,-0.240243110156,0.921413899888,0.905135787723,0.413918744866,0.412609220759,0.514563106796,0.484088457389,0.01387710644,0.01387710644,1908.0,1792.0,51.0296870821,47.9272532763,9.30731707317,8.74146341463,1.0,1.0,43.0,42.0,6.94846500838,6.67989249255,48.2811659726,44.6209637121,8.0,7.0,4.0,4.0,12.0,11.0,8.0,7.0,4.0,3.0,3.0,2.0,0.0,0.0,0.0,0.0,0.0,0.0710369449664,11.6666666667,0.0,19.0,16.0,11.6666666667,8.33999733546,69.5555555556,8.0,17.5,9.5,3.0,1132.90587974,93.8140169521,504.827619144,456.169437546,367.609418957,135136.684906,115.823095616,882.24575965,766.422664034,352.787060593,726.276381266,726.276381266,3752.01499312,2239.14568719,-1512.86930593,1.01187027862,5.94475453866,1.00726301718,0.426392400353,-1.42108547152e-14,-1.05869090688,-0.23563189603,0.0560924277577,-1.39009985454,1.64625146801,-0.0200736160867,1.59015904025,1.37002623846,0.415343680087,0.231984891372,0.0596673111034,-0.0786582497334,0.00337793129362,0.00126682375577,0.0201158566723,0.000404647689659,-0.00227164048216,0.0125449512845,0.0148165917667,0.00776156631204,26.4297363668,8025.54098007,4.2062583753,18.8451134592,4.34109588228,-39.3687736596,-8025.54098007,-4.47105347079,33.3153714498,5.77194693754,17.769269139,6692.95630265,3.01077656439,13.450197722,3.6674511206,-24.3104832993,-4522.06759663,-3.16449796825,22.3139358084,4.72376288656,20127.8186292,23925735.1914,6457.68831078,35888665.4801,5990.71493898,0.0,0.0,0.0,0.0,0.0,336.095651436,666509.800431,179.894682977,12713.6467303,112.754808014,0.0,0.0,0.0,0.0,0.0,3386.3314886,1508.96353668,5595236.79403,587.701226541,234.184255353,868355.218851,20148.832822,6453.02741647,23927825.6603,336.212589783,179.749137117,666509.800431,0.168660887686,-0.136719653341,26.5341213876,0.239554844802,0.553349369048,-0.448555293113,87.0542040277,0.385526152154
1212582,1,2,7,2,2012-02-22 14:53:59,2012-02-22 14:56:53,89813.0,89987.0,0.0486111111111,0.0447222222222,0.0436111111111,0.00388888888889,0.92,0.919540229885,15.0,1.0,1.0875,1.0,1.10333301863,1.21734375,1.0,1.0,0.0,0.0,1.0,31.9428571429,20.036525806,21.7016369048,23.5271844712,89.4494262079,9.45777067854,1.17421476652,13.378125,28.7667410714,15.3886160714,7.80037202381,20.5470105399,21.9797619048,20.5470105399,81.2394572726,9.01329336439,1.0,13.7950892857,29.0923363095,15.2972470238,7.8255952381,4.0,11.0,14.0,26.0,15.0,30.0,32.0,29.0,0.0,0.0,0.0,0.0,0.0,0.0,0.0,0.0,0.0,157.0,2.48447204969,6.83229813665,8.69565217391,16.149068323,9.31677018634,18.6335403727,19.8757763975,18.0124223602,0.0,0.0,0.0,0.0,0.0,0.0,0.0,0.0,0.0,0.90715815052,21.0310764161,27.6395408452,100.0,28.1514719264,0.0,10.5432334415,0.0,0.0,0.0,0.0,0.0,0.0,3.66513864477,0.0,0.0,8.06238057548,100.0,0.00812884424603,0.0328424995866,0.0944755911045,0.0722452153604,0.188454840443,0.247671833664,0.252259135251,0.0,0.0,0.0,0.0,0.0,0.0,0.0,0.0,0.0,0.896077959656,9.0,9.0,10.0437689634,10.0437689634,4.67118161719,-7.0388012029,1.29137352451,-1.41031582282,0.997529988616,-1.05051115145,1.12614234951,1.38688139839,1.26819659137,1.9234400132,0.370431631808,-1.9108957716,2.16769890536,-0.474566080078,1.79726727355,1.43632969152,0.79542676808,0.680952535714,0.515527950311,0.472049689441,0.320203695845,0.320203695845,83.0,74.0,47.4285714286,42.2857142857,9.22222222222,8.22222222222,2.0,1.0,24.0,17.0,7.4053700902,4.70880446676,54.8395061728,22.1728395062,7.0,8.0,4.0,5.0,11.0,11.0,7.0,6.0,4.0,3.0,2.0,1.0,0.0,0.0,0.0,0.0,0.0,2.23194865854,8.0,0.0,16.0,8.0,8.0,8.0,64.0,4.0,12.0,8.0,8.0,941.292243004,916.511267664,928.504138441,930.290157621,7.97338907704,63.5749333738,921.042244971,934.159650787,13.1174058166,6.92673368422,17.1226528473,17.1226528473,36.6664071483,26.8945299978,-9.77187715051,0.227741659306,0.843005103002,0.312727092998,0.230324647531,-0.000256998938198,-0.133861330829,-0.0657542595472,0.0950248967439,-0.197678457158,0.527165894541,-0.0155154753637,0.432140997797,0.182162981794,0.148307643198,0.0606754670692,0.0188218277242,-0.0185609124283,0.00185587299812,0.00104697537659,0.00896678582068,8.0403247954e-05,-0.00310425916986,0.00781703002893,0.0109212891988,0.00454469969586,10.9954951734,255.953991029,3.08378302445,6.31012455809,2.51199613019,-18.4273044985,-255.953991029,-3.36781567144,14.5709930306,3.81719701229,2.51979866677,80.3895499454,0.934762208667,0.555310076548,0.745191301981,-1.66521620661,-29.2087947369,-0.400120475848,0.209183831857,0.457366190111,1454.50307314,93565.9038609,588.464804156,258441.795464,508.371709937,0.0,0.0,0.0,0.0,0.0,139.9916741,14142.1472911,88.9443225855,1634.89146517,40.4337911304,0.0,0.0,0.0,0.0,0.0,2813.58550562,2775.3610053,446833.121853,101.955413795,49.0530750775,7897.54508748,1455.89627625,581.726744603,93658.0058811,140.036361837,87.8394241683,14142.1472911,0.205846768112,-0.170356276977,11.3913833224,1.586321171,0.675350289082,-0.558911669872,37.3733048636,2.55293645863
1212582,1,2,7,16,2012-02-22 15:26:48,2012-02-22 16:25:26,91782.0,95300.0,0.9775,0.833333333333,0.824444444444,0.144166666667,0.852514919011,0.85247299602,59.0,1.0,1.1730576859,1.0,2.60857481674,6.80466257453,1.0,1.0,0.0,0.0,1.0,75.1320684524,42.1438719535,43.9207589286,50.9249494167,481.773772516,21.9493456056,1.20835953262,23.946000744,61.4790922619,37.5330915179,18.211235119,42.5982533223,44.331547619,42.5982533223,467.612246252,21.624343834,1.0,24.8388950893,61.546000744,36.7071056548,18.0526785714,32.0,163.0,147.0,161.0,125.0,148.0,154.0,181.0,188.0,246.0,148.0,111.0,326.0,350.0,355.0,163.0,2.0,2968.0,1.06666666667,5.43333333333,4.9,5.36666666667,4.16666666667,4.93333333333,5.13333333333,6.03333333333,6.26666666667,8.2,4.93333333333,3.7,10.8666666667,11.6666666667,11.8333333333,5.43333333333,0.0666666666667,0.471205085274,2.63441957232,3.35512320839,100.0,4.65945849088,5.60014580791,1.55205554062,17.3039514619,18.9604918374,9.37044023277,0.118660307153,8.24926450149,5.51590509251,0.872607634469,14.9590695476,4.64873152956,1.72847014978,100.0,0.165553983037,0.306583426261,0.545301790397,0.607283594341,0.925581380208,1.17879460152,1.63706194196,1.9675645978,2.89831039187,1.93796732391,1.63329311343,5.25574452298,6.07959925802,6.6616109251,3.29222614914,0.0416903108466,35.1341673108,175.0,175.0,4.98090643367,4.98090643367,7.75118231719,-9.1153790558,1.09215995182,-1.16774622144,0.687172775223,-0.622460458929,1.18440278793,1.40785405741,1.40280996405,1.98205304696,0.2627778375,-1.64281011763,1.50382474654,-0.238988149554,1.24104690904,1.40382196808,0.520754086607,0.476885029018,0.514333333333,0.480333333333,0.0171444444444,0.0171444444444,1543.0,1439.0,43.8476840011,40.8922989486,8.81714285714,8.22285714286,1.0,0.0,30.0,35.0,6.31014990604,5.75912124816,39.8179918367,33.167477551,7.0,7.0,4.0,4.0,12.5,11.0,8.5,7.0,4.0,3.0,16.0,6.0,9.0,0.0,0.0,0.0,0.0,0.45539715965,33.4375,0.0,60.0,32.5,33.4375,16.7554795142,280.74609375,21.0,43.75,22.75,12.0,1138.20968686,181.105664791,657.865549608,760.437298125,284.139768621,80735.408112,321.071772567,893.837876444,572.766103877,174.518063737,-752.58293098,-752.58293098,3566.20637509,1406.81172206,-2159.39465304,1.18867076784,8.49257025588,1.31952875281,0.591027754547,-3.35966626608e-05,-1.12585748334,-0.556589345089,0.130408366393,-1.91095086101,1.97131945583,-0.15869453557,1.84091108944,1.75225632544,0.553035804132,0.50681149568,0.0860435084592,-0.070832041722,-0.00328272058236,-0.0036230321239,0.0232125015728,0.000538820229269,-0.0161532081945,0.00454348185832,0.0206966900528,0.0102075802978,22.3279022178,7053.02523858,4.57098200815,16.351236077,4.04366616785,-53.7758531348,-7051.78466871,-4.89367430167,31.3939101686,5.60302687559,25.3848608176,4205.05438107,3.9447039222,24.0054154696,4.89953216844,-21.6111430637,-6454.57512462,-3.36526336007,14.3833038243,3.79253263985,18927.8233676,17695759.3256,5930.2142512,30815522.134,5551.17304126,0.0,0.0,0.0,0.0,0.0,329.279140667,554271.755563,185.74790736,9118.30466364,95.4898144497,0.0,0.0,0.0,0.0,0.0,3402.18492302,1966.40415214,5899212.45643,564.044623982,225.612716758,676838.150274,18944.5892803,5899.30671565,17697920.1469,329.376344649,184.757251854,554271.755563,0.148445398519,-0.188229673866,25.0184688358,0.237162099566,0.487025585692,-0.617551423444,82.0815906688,0.381675401965
1212582,1,2,7,21,2012-02-22 16:44:13,2012-02-22 17:23:45,96427.0,98799.0,0.659166666667,0.399722222222,0.388055555556,0.259444444444,0.606405394016,0.606239460371,71.0,1.0,1.6495132128,1.0,5.5906584774,31.2554622109,1.0,1.0,0.0,0.0,1.0,46.6277529762,18.877850161,16.2894345238,26.1031806945,182.598923467,13.5129169119,1.38274117401,6.12959449405,31.0231770833,24.8935825893,12.0758928571,19.4454018481,16.8367559524,19.4454018481,177.052384258,13.306103271,1.0,6.85267857143,31.3350446429,24.4823660714,12.0361359127,42.0,279.0,193.0,156.0,144.0,89.0,151.0,144.0,153.0,71.0,17.0,0.0,0.0,0.0,0.0,0.0,0.0,1397.0,2.91869353718,19.3884642113,13.4120917304,10.8408617095,10.0069492703,6.18485059069,10.4933981932,10.0069492703,10.6323835997,4.9339819319,1.18137595552,0.0,0.0,0.0,0.0,0.0,0.0,3.49217023347,7.29934883961,15.2905565321,100.0,17.2270398771,20.8717522711,7.18357471757,0.0,0.0,0.0,0.0,10.9270830955,2.85314809843,5.94262998854,0.0,0.0,8.91269634653,100.0,0.265587340948,0.451950274866,0.546326891357,0.677830450723,0.555131771752,1.16288095353,1.31015483424,1.58734334697,0.831029059193,0.21698828125,0.0,0.0,0.0,0.0,0.0,0.0,7.60522320483,77.0,77.0,10.1246206622,10.1246206622,8.15266058304,-10.413117446,1.8437239251,-1.93889468943,1.4067562721,-1.32774831763,1.72828793403,1.87287989646,2.98697918291,3.50767910657,0.423404999857,-2.85725064938,2.76516927924,-0.509350314174,2.34176427938,2.3479003352,1.05078396897,1.02841293214,0.505211952745,0.480194579569,0.0351085443186,0.0351085443186,741.0,698.0,31.2262958281,29.4142435735,9.62337662338,9.06493506494,1.0,1.0,30.0,37.0,6.9376424025,6.72722258418,48.1308821049,45.2555236971,7.0,8.0,4.0,5.0,15.0,11.0,11.0,6.0,4.0,3.0,21.0,5.0,10.0,5.0,0.0,0.0,0.0,2.76126018059,44.380952381,0.0,72.0,47.0,44.380952381,18.5792413359,345.188208617,30.0,57.0,27.0,15.0,229.391590963,137.810158245,175.029275802,175.447430483,25.6229167543,656.533862997,149.514972751,197.257473808,47.7425010564,23.4736317166,9.62185706768,9.62185706768,296.803477242,153.212667155,-143.590810087,0.200263341341,2.15065846765,0.189361811368,0.0984699033874,-4.63355424074e-05,-0.221077778579,-0.122195649831,0.0379677268042,-0.226302003606,0.21811707079,-0.0410554424049,0.180149343985,0.185246561201,0.0744969408409,0.0880259661161,0.0401222572296,-0.0638572249222,0.000403922536819,0.000763925773493,0.0113568388238,0.000128977788069,-0.00504098044575,0.00496269350682,0.0100036739526,0.00514312850883,22.1422993202,3219.95247449,4.42909556327,21.3591966625,4.62160109296,-32.4871236834,-3219.25020616,-4.65882808416,31.4861590246,5.61125289259,6.42846208186,457.962915117,0.573888364808,0.646194613777,0.80386231021,-20.8890537156,-429.202540447,-0.692262162011,1.79057985978,1.33812550225,4522.58186828,1141633.17587,805.100970286,1132941.53999,1064.39726606,0.0,0.0,0.0,0.0,0.0,204.327173245,119091.396676,83.9854701525,3443.20651748,58.6788421621,0.0,0.0,0.0,0.0,0.0,685.666816273,523.174218332,752847.70018,217.245979183,53.8553804299,77497.8924386,4528.37744571,794.491850461,1143273.77281,204.414428497,82.7598309077,119091.396676,0.272267345526,-0.269917530429,13.6600078184,1.45912890689,0.89326556931,-0.885556202196,44.8162986167,2.34824035153
1212582,1,3,14,4,2012-02-23 10:52:01,2012-02-23 10:57:25,161695.0,162019.0,0.0902777777778,0.0702777777778,0.0680555555556,0.02,0.778461538462,0.777777777778,44.0,1.0,1.28571428571,1.0,2.99034728263,8.94217687075,1.0,1.0,0.0,0.0,1.0,36.7531994048,15.0938850608,12.3395833333,21.3101295693,123.201246023,11.0996056697,1.41183860109,4.83980654762,24.021577381,19.1817708333,8.76994724026,15.5867466138,12.7389880952,15.5867466138,119.54203571,10.9335280541,1.0,5.60401785714,24.7505208333,19.1465029762,8.57027191558,8.0,56.0,42.0,40.0,23.0,23.0,22.0,30.0,9.0,0.0,0.0,0.0,0.0,0.0,0.0,0.0,0.0,245.0,3.16205533597,22.1343873518,16.6007905138,15.8102766798,9.09090909091,9.09090909091,8.69565217391,11.8577075099,3.55731225296,0.0,0.0,0.0,0.0,0.0,0.0,0.0,0.0,5.01134817992,13.6263092879,15.8342645184,100.0,25.7861456218,8.49958336044,12.9104625857,0.0,0.0,0.0,0.0,0.0,0.0,7.96288414811,0.0,0.0,10.3690022977,100.0,0.0531586124921,0.0844674641536,0.13694962973,0.109990716127,0.144543078854,0.167964288533,0.273530330274,0.0901605799438,0.0,0.0,0.0,0.0,0.0,0.0,0.0,0.0,1.06076470011,12.0,12.0,11.31259364,11.31259364,4.84622133951,-6.47973361552,1.70386735275,-2.01773765458,1.27766894117,-1.71092962165,1.36492339267,1.57856608343,1.86301586787,2.49187087975,0.556493182031,-3.08065546205,2.66400854196,-0.701604822154,2.10751535993,2.3790506399,0.867331546327,1.15298141283,0.533596837945,0.450592885375,0.210907841085,0.210907841085,135.0,110.0,41.5384615385,33.8461538462,11.25,9.16666666667,3.0,1.0,30.0,22.0,7.70416553993,6.54259547546,59.3541666667,42.8055555556,8.5,6.5,5.5,4.75,17.0,12.0,11.5,7.25,4.5,3.0,4.0,2.0,1.0,0.0,0.0,0.0,0.0,3.77086454668,19.5,0.0,45.0,16.5,19.5,16.2249807396,263.25,11.25,24.75,13.5,9.0,190.777765457,173.649875908,181.046459069,181.044086802,5.27282454744,27.802678708,176.273974554,185.338595143,9.06462058823,4.47849504047,-8.43446809483,-8.43446809483,25.8213110032,8.69342145419,-17.127889549,0.102060517799,0.269035467134,0.0736730631711,0.044986564334,-0.00249458664351,-0.130747248466,-0.109369165982,0.0261377216355,-0.202022980315,0.106097110056,-0.0236378035319,0.0799593884207,0.178385176783,0.0331139306514,0.0873189858257,0.00788559107571,-0.00778515393513,0.000446939749316,-0.000457088541128,0.00478006395611,2.28490114245e-05,-0.00285516738725,0.00595074765294,0.00880591504019,0.00424224593749,14.449424329,455.412530269,3.37342615014,11.559754505,3.39996389761,-17.1945781139,-455.412530269,-3.99484675675,13.909707395,3.7295720123,0.804165015117,25.9852184903,0.22021371602,0.0396759757859,0.199188292291,-1.2047195674,-51.1964080604,-0.39081227527,0.119840827862,0.346180340086,2214.74395626,109167.41167,438.423340039,390711.427108,625.069137863,0.0,0.0,0.0,0.0,0.0,161.054113395,16741.278444,67.2340499758,2321.90769359,48.1861774121,0.0,0.0,0.0,0.0,0.0,570.247507799,541.159981787,136913.475392,134.974918814,35.0754148204,8874.07994957,2217.65819771,432.282275171,109367.415618,161.124733066,66.1710610434,16741.278444,0.261701242145,-0.276469368308,11.3090866716,2.04621243251,0.858599875802,-0.907051733294,37.1033027285,3.29305970098
1212582,1,3,14,5,2012-02-23 12:02:35,2012-02-23 12:28:43,165929.0,167497.0,0.435833333333,0.405555555556,0.402777777778,0.0302777777778,0.930528999363,0.930484693878,53.0,1.0,1.07470870459,1.0,1.63764335919,2.6818757719,1.0,1.0,0.0,0.0,1.0,66.5072916667,32.9953172904,28.6816592262,42.6882240533,413.275354926,20.3291749691,1.29376613286,16.7885974702,53.3791480655,36.5905505952,18.7489955357,33.2228712028,28.8252232143,33.2228712028,408.565535466,20.2130041178,1.0,16.9419828869,53.5217447917,36.5797619048,18.5466331845,10.0,116.0,118.0,94.0,143.0,150.0,133.0,48.0,68.0,60.0,76.0,133.0,134.0,139.0,38.0,0.0,0.0,1450.0,0.684931506849,7.94520547945,8.08219178082,6.43835616438,9.79452054795,10.2739726027,9.1095890411,3.28767123288,4.65753424658,4.1095890411,5.20547945205,9.1095890411,9.17808219178,9.52054794521,2.60273972603,0.0,0.0,0.82434859929,6.87487020115,7.57172248459,100.0,3.21478876349,5.29695911288,2.45593959367,18.1181171755,5.19382979477,0.0,0.0,5.28720812641,7.51165108923,1.88009747897,15.8804966484,14.5865466183,5.30342431333,100.0,0.110309665677,0.251584007693,0.328639941565,0.709674236662,0.919956234671,1.01320506469,0.430184844163,0.708809100116,0.707504278274,1.00516665043,1.95188914281,2.12503821511,2.42446393436,0.695008918237,0.0,0.0,13.3814342345,90.0,90.0,6.7257364512,6.7257364512,7.29601356295,-9.60339503973,1.2545070126,-1.45366465406,0.796081530134,-0.859827292921,1.34342376015,1.65412547346,1.80478739934,2.73613108197,0.341131029911,-1.85993345843,1.57077416652,-0.392038779576,1.22964313661,1.46789467885,0.559385047768,0.587898376244,0.534931506849,0.461643835616,0.0366391443047,0.0366391443047,781.0,669.0,49.7769279796,42.638623327,8.67777777778,7.43333333333,1.0,1.0,31.0,25.0,5.85154828092,5.3459226415,34.240617284,28.5788888889,7.0,6.0,4.25,4.0,12.0,10.0,7.75,6.0,3.5,3.0,5.0,3.0,1.0,0.0,0.0,0.0,0.0,0.373652025067,23.4,0.0,54.0,19.0,23.4,18.0842472887,327.04,14.0,30.0,16.0,11.0,794.649163081,179.312242287,360.999969317,318.541266414,193.993828525,37633.6055059,199.653451348,454.683526479,255.03007513,119.533472499,612.356109317,612.356109317,1005.21941234,808.787760826,-196.43165151,0.688506446805,6.41759676791,0.853151646441,0.440622522522,-6.17845899455e-05,-0.387439154851,-0.133204294779,0.116592476886,-0.514471643106,1.21763668968,-0.0288974137528,1.10104421279,0.485574229353,0.390159396461,0.123936081725,0.0690274504094,-0.0290471088796,0.00796821887592,0.00459954218857,0.0163545975341,0.000267472860502,-0.00156925895802,0.0165144002721,0.0180836592302,0.007741125711,19.3542571523,3379.93118531,4.32769678016,16.2555319206,4.03181496607,-29.9727868681,-3379.93118531,-5.0147346963,24.3260310798,4.93214264593,19.1826262049,2417.52074119,2.55012736412,9.27251982522,3.045081251,-7.19047048856,-587.147351569,-1.15808156128,2.99165112444,1.72963901564,13124.7182603,5072042.8616,3485.94011106,16478923.5273,4059.42403887,0.0,0.0,0.0,0.0,0.0,291.447709763,211189.452737,145.147390197,7888.87678157,88.8193491395,0.0,0.0,0.0,0.0,0.0,2375.25952637,1079.05306641,1575417.47695,441.978657698,150.080050378,219116.873552,13140.6529557,3474.82885842,5073250.1333,291.565626674,144.650310094,211189.452737,0.216628110224,-0.131634134585,21.7035452261,0.459889453076,0.710722146406,-0.431870520291,71.2058570411,0.740120331971
1212582,1,3,14,8,2012-02-23 14:27:26,2012-02-23 14:57:21,174620.0,176415.0,0.498888888889,0.3975,0.393055555556,0.101388888889,0.796770601336,0.796657381616,75.0,1.0,1.25524475524,1.0,3.85831548304,14.8865983667,1.0,1.0,0.0,0.0,1.0,73.015327381,35.3436618642,31.1103422619,45.6658519966,465.910471955,21.584959392,1.29205208481,17.689546131,57.5466889881,39.8571428571,20.1926339286,35.7433075108,31.6394345238,35.7433075108,456.894060335,21.3750803586,1.0,18.2487723214,57.6659970238,39.4172247024,19.9332589286,16.0,75.0,105.0,89.0,148.0,168.0,94.0,120.0,57.0,32.0,12.0,86.0,157.0,141.0,88.0,43.0,0.0,1415.0,1.11809923131,5.24109014675,7.33752620545,6.21942697414,10.3424178896,11.7400419287,6.56883298393,8.3857442348,3.98322851153,2.23619846261,0.83857442348,6.00978336827,10.9713487072,9.85324947589,6.14954577219,3.00489168414,0.0,0.58060063304,7.49030800005,5.05106906036,100.0,7.75643643914,4.24437120991,2.23678855106,17.3963694938,11.7467776218,6.08897841739,0.0,2.65761969004,1.1453035607,1.53940931826,17.8985963173,9.02797664126,5.13939504581,100.0,0.081569195998,0.2162732406,0.314248785387,0.722039036727,1.05232128002,0.709630025766,1.08970994544,0.596296192956,0.373371796462,0.160904906581,1.26834997106,2.51459269593,2.4440343192,1.65031719163,0.855447007275,0.0,14.049105591,84.0,84.0,5.9790283058,5.9790283058,9.52449621228,-8.54766397969,1.36336402148,-1.42809929157,0.875307738616,-0.860357338393,1.42086767123,1.53795746626,2.01886493916,2.36531316803,0.41432797115,-1.9549285197,1.85900587885,-0.346369126339,1.4446779077,1.60855939336,0.599762041071,0.659781895982,0.508735150245,0.485674353599,0.0355510237767,0.0355510237767,728.0,687.0,40.5345211581,38.2516703786,8.66666666667,8.17857142857,1.0,1.0,37.0,30.0,6.63922925341,5.8780477693,44.0793650794,34.5514455782,7.0,6.5,4.75,4.0,11.0,9.25,6.25,5.25,3.0,2.5,8.0,1.0,3.0,3.0,0.0,0.0,0.0,0.569431267219,47.375,0.0,76.0,56.0,47.375,24.7837522381,614.234375,37.0,63.25,26.25,13.0,796.659914904,177.357472047,391.063600183,343.276405334,204.079983361,41648.6396087,198.092790114,487.775253089,289.682462975,144.785925098,-608.591850742,-608.591850742,1132.93761456,262.172881907,-870.764732649,0.791710422471,5.09099696557,0.567473770362,0.131193705438,-0.000110385841708,-0.906102739489,-0.468049724565,0.0346851487504,-1.33602932872,0.667776644325,-0.107693320417,0.633091495575,1.22833600831,0.116741405594,0.41675336374,0.0574858231521,-0.083612611925,-0.00758132613327,-0.00404301693797,0.0192758165904,0.000371557105228,-0.014451697694,0.00207248004086,0.0165241777349,0.00721458710072,23.289758243,3493.20153034,4.79835375047,17.2752109998,4.15634587105,-36.0779376713,-3493.20153034,-5.02618925229,27.2863480387,5.22363360494,15.2173306196,783.65228863,1.69621707496,9.37538685347,3.06192535073,-19.8078336836,-2602.77405746,-2.70840172473,10.4962060634,3.23978487918,17310.9809918,6086082.90142,4276.93808954,25301954.0209,5030.10477236,0.0,0.0,0.0,0.0,0.0,319.622675309,221726.824587,155.81646141,8859.77643868,94.1263854542,0.0,0.0,0.0,0.0,0.0,2381.26979813,1168.91527092,1672717.75269,532.709996824,171.375367075,245238.150284,17388.0655231,4253.86645828,6087282.9018,320.096626267,154.945370081,221726.824587,0.139821747366,-0.220278816679,23.2025196329,0.259719421946,0.458732766948,-0.722699529786,76.1237520764,0.417977893392
1212582,1,3,14,1,2012-02-23 15:24:17,2012-02-23 15:27:46,178031.0,178240.0,0.0583333333333,0.0583333333333,0.0577777777778,0.0,1.0,1.0,1.0,1.0,1.0,1.0,0.0,0.0,1.0,1.0,0.0,0.0,1.0,30.535639881,10.2986070366,7.28824404762,15.2193798979,63.6257323493,7.97657397316,1.47780955656,3.7232514881,15.432905506,11.7096540179,4.25755828373,10.3976321042,7.40261656746,10.3976321042,63.2078920146,7.95033911318,1.0,3.79927455357,15.4817522321,11.6824776786,4.35437748016,2.0,76.0,47.0,31.0,22.0,15.0,14.0,3.0,0.0,0.0,0.0,0.0,0.0,0.0,0.0,0.0,0.0,208.0,0.952380952381,36.1904761905,22.380952381,14.7619047619,10.4761904762,7.14285714286,6.66666666667,1.42857142857,0.0,0.0,0.0,0.0,0.0,0.0,0.0,0.0,0.0,11.8473812475,15.6934256199,17.3948147041,100.0,4.17749797161,0.0,17.6184010867,0.0,0.0,0.0,0.0,0.0,0.0,15.6849555948,0.0,0.0,17.5835237755,100.0,0.0711733889302,0.0942276965329,0.105842910486,0.105633384314,0.0942785803847,0.104499710648,0.0250964058366,0.0,0.0,0.0,0.0,0.0,0.0,0.0,0.0,0.0,0.600752077133,12.0,12.0,19.9749621462,19.9749621462,5.51946223326,-6.5731562558,1.56187609609,-1.70244494474,1.14987129308,-1.34428105949,1.29028707535,1.6118427016,1.66484073681,2.59803689471,0.553419437946,-2.63312559844,2.30792711183,-0.297589353348,1.75450767388,2.33553624509,0.865595434821,1.07681985452,0.519047619048,0.47619047619,0.24716553288,0.24716553288,109.0,99.0,51.9047619048,47.1428571429,9.08333333333,8.25,2.0,2.0,18.0,18.0,4.19242040937,4.6926360751,17.5763888889,22.0208333333,8.5,6.5,5.75,5.75,12.0,11.0,6.25,5.25,3.5,2.5,1.0,0.0,0.0,0.0,0.0,0.0,0.0,1.66458017885,0.0,0.0,0.0,0.0,0.0,0.0,0.0,0.0,0.0,0.0,0.0,190.750117228,185.598406057,187.481761387,186.978979265,1.72837782681,2.98728991219,186.070666299,187.964215945,1.89354964586,0.928108929497,4.55380349157,4.55380349157,9.62363574671,7.08871961914,-2.53491612757,0.0458268368891,0.238433961319,0.0488877215113,0.0353334838624,-0.00169245506527,-0.0396080644933,-0.0104631578604,0.0117237173893,-0.0274957782762,0.0560975044277,-0.0047919841175,0.0443737870384,0.0227037941587,0.0231805208398,0.00654316774904,0.00626275402328,-0.00575228791476,0.00134694243353,0.00211588034609,0.00267919869833,7.17810566512e-06,-0.000756452962451,0.0031834400957,0.00393989305815,0.00153529956336,13.4707950381,297.576252882,2.73005736589,10.3052821486,3.21018413002,-15.8673049863,-297.576252882,-2.97576252882,14.4909736079,3.80670114507,0.712695066382,21.1886573187,0.146128671164,0.0232150118764,0.152364733047,-0.679221740638,-7.57703394191,-0.118391155342,0.0350038678071,0.187093206202,1271.04803593,32926.7607917,157.544310008,78583.8490719,280.328109671,0.0513965139152,0.0,0.0,0.0,0.0,133.839607998,9481.23348944,45.364753538,1208.22819157,34.7595769763,3.64612788045,0.0,0.0,0.0,0.0,570.164865393,560.395531065,117683.061524,93.1701561878,16.955532952,3560.66191993,1271.83342105,157.470798978,33068.8677854,133.867170872,45.1487309021,9481.23348944,0.314550650888,-0.300471847056,8.25310592241,4.61801937009,1.03199032444,-0.985800023149,27.077119168,7.43198176514
1212582,1,3,14,3,2012-02-23 15:34:10,2012-02-23 15:41:07,178624.0,179041.0,0.116111111111,0.0841666666667,0.0825,0.0319444444444,0.724880382775,0.724220623501,76.0,1.0,1.38079470199,1.0,4.87635483271,23.7788364545,1.0,1.0,0.0,0.0,1.0,37.2372767857,14.6390497227,13.1297619048,19.9435274547,97.3065512447,9.86440830687,1.36235123403,5.80712797619,20.482328869,14.6752008929,7.33729166667,14.9347881009,13.5008928571,14.9347881009,94.8555501465,9.73938140471,1.0,6.71049107143,20.9073660714,14.196875,7.33575892857,6.0,64.0,38.0,66.0,50.0,19.0,27.0,24.0,9.0,0.0,0.0,0.0,0.0,0.0,0.0,0.0,0.0,297.0,1.9801980198,21.1221122112,12.5412541254,21.7821782178,16.501650165,6.27062706271,8.91089108911,7.92079207921,2.9702970297,0.0,0.0,0.0,0.0,0.0,0.0,0.0,0.0,4.75995451291,9.63605908089,16.4464426306,100.0,17.2278572423,7.42996696124,18.7073818932,0.0,0.0,0.0,0.0,0.0,0.0,6.70236527113,0.0,0.0,19.0899724077,100.0,0.0586483524168,0.0825811842069,0.230497397211,0.235211371528,0.118727812913,0.202639911954,0.212267877811,0.0915461102844,0.0,0.0,0.0,0.0,0.0,0.0,0.0,0.0,1.23212001833,15.0,15.0,12.1741387015,12.1741387015,7.05800755647,-8.46956541696,1.7030828318,-2.026295632,1.34750030625,-1.36149038879,1.42881375009,1.9067756761,2.04150873244,3.63579347898,0.564841398214,-2.84352247165,2.54353232411,-0.619732283705,1.97869092589,2.22379018795,0.925386123013,0.930656957545,0.53795379538,0.452145214521,0.177542506726,0.177542506726,163.0,134.0,38.995215311,32.0574162679,10.8666666667,8.93333333333,2.0,2.0,31.0,21.0,7.79629541656,5.07893252126,60.7822222222,25.7955555556,10.0,8.0,5.0,6.5,15.5,11.0,10.5,4.5,6.0,2.0,3.0,0.0,1.0,1.0,0.0,0.0,0.0,2.4348277403,39.6666666667,0.0,77.0,42.0,39.6666666667,31.4783876475,990.888888889,21.0,59.5,38.5,35.0,190.61111583,169.549147631,177.689594042,173.052002513,7.97037497917,63.5268773085,170.500355115,185.755909174,15.2555540589,3.22842164159,-19.9883555081,-19.9883555081,25.0752562957,2.5434503938,-22.5318059019,0.0827566214379,0.143133191294,0.0529885498709,0.0373839458846,-0.00171678556626,-0.0894119281821,-0.062320337816,0.0284069278285,-0.124806314292,0.0801087269795,-0.0216430999893,0.0517017991511,0.103163214302,0.0204680700454,0.0466512956237,0.00646831928207,-0.00858262622683,-0.00240927661179,-0.00310916829708,0.00314077326024,9.86445667225e-06,-0.00388940982179,-0.00133485194946,0.00255455787233,0.00168635618186,13.4604534532,587.318027559,3.60317808318,12.7647887521,3.57278445363,-24.2971027541,-587.318027559,-4.28699290189,26.2971442676,5.12807412852,0.42783468725,7.60254343478,0.158386321558,0.0130365817656,0.114177851467,-1.02785037557,-67.3490756692,-0.267258236783,0.0656514982711,0.256225483259,2303.43165232,107064.898624,356.882995415,293804.543011,542.037400012,0.0,0.0,0.0,0.0,0.0,163.175802319,19445.6549139,64.8188497131,1833.35728349,42.8177216055,0.0,0.0,0.0,0.0,0.0,569.749380913,531.126087578,160931.204536,138.553850311,31.1366460136,9434.40374214,2306.4439037,354.335841321,107363.75992,163.246911272,64.1770789239,19445.6549139,0.278228167624,-0.30835897746,10.3917239986,2.57647473794,0.912822072258,-1.01167643524,34.0935826724,4.14643416066
1212582,1,3,14,1,2012-02-23 22:00:51,2012-02-23 22:02:48,201825.0,201942.0,0.0327777777778,0.0327777777778,0.0322222222222,0.0,1.0,1.0,1.0,1.0,1.0,1.0,0.0,0.0,1.0,1.0,0.0,0.0,1.0,37.1597470238,21.971598069,22.2092261905,26.6064034019,133.333225784,11.5470007268,1.2109452994,12.3483258929,31.9358816964,19.5875558036,9.80226934524,22.3504187253,22.3623883929,22.3504187253,127.165274213,11.2767581429,1.0,12.4820870536,32.0004650298,19.5183779762,9.7734375,2.0,12.0,14.0,5.0,13.0,16.0,13.0,25.0,18.0,0.0,0.0,0.0,0.0,0.0,0.0,0.0,0.0,116.0,1.69491525424,10.1694915254,11.8644067797,4.23728813559,11.0169491525,13.5593220339,11.0169491525,21.186440678,15.2542372881,0.0,0.0,0.0,0.0,0.0,0.0,0.0,0.0,1.92655643365,13.1308260122,13.9797388048,100.0,31.0386681387,25.020405388,2.45556081855,0.0,0.0,0.0,0.0,0.0,0.0,3.62613658198,0.0,0.0,8.82210782203,100.0,0.0138746771857,0.026114716199,0.0176844618056,0.0635350701334,0.0945656036431,0.100679305142,0.22353432953,0.180191995288,0.0,0.0,0.0,0.0,0.0,0.0,0.0,0.0,0.720180158927,7.0,7.0,9.71979012922,9.71979012922,5.4592605,-7.53478345848,1.98957348695,-2.09428788099,1.22088179675,-1.26390901741,1.66026327113,2.00548575856,2.75647412947,4.0219731278,0.579300726897,-3.47220317009,3.63938574777,-0.641775939509,3.06008502087,2.83042723058,1.00781131181,0.85192337956,0.508474576271,0.483050847458,0.430910657857,0.430910657857,60.0,56.0,50.8474576271,47.4576271186,8.57142857143,8.0,2.0,2.0,16.0,13.0,5.31459292507,3.89138242054,28.2448979592,15.1428571429,9.0,8.0,4.0,5.0,12.5,11.5,8.5,6.5,6.0,4.0,1.0,0.0,0.0,0.0,0.0,0.0,0.0,1.38854144703,0.0,0.0,0.0,0.0,0.0,0.0,0.0,0.0,0.0,0.0,0.0,190.047015578,170.622760322,182.739648577,184.926949522,6.22859206511,38.7953591136,177.065848133,187.836162967,10.7703148333,4.45597918752,19.4242552559,19.4242552559,19.4242552559,19.4242552559,0.0,0.164612332677,0.369378552513,0.166019275691,0.131369568879,0.0,0.0,0.0,0.0842304422397,0.0,0.236600398632,0.0,0.152369956392,0.0,0.0871548949916,0.0,0.00915848045249,0.00219990420672,0.00507342101751,0.00487258610216,0.00155010854856,2.40283651232e-06,0.00379135467613,0.00613148770545,0.00234013302932,0.00108347098335,16.0363987493,313.046777458,5.21744629096,19.6567498583,4.43359333479,-18.9298296906,-313.046777458,-5.49204872733,28.7830790025,5.36498639351,1.10409721227,58.060398831,0.496242725051,0.102542230569,0.320222158148,0.0333181399282,0.0,0.0,0.0,0.0,2287.01265861,99117.4381481,847.157591009,598703.630587,773.759413893,0.339001523646,0.0,0.0,0.0,0.0,162.787149486,11366.0801205,97.1459839359,2487.63462118,49.8761929299,6.83787607424,0.0,0.0,0.0,0.0,568.06324751,546.221038533,64454.082547,137.977499664,61.5606147746,7264.15254341,2292.06750352,841.332512478,99277.2364724,162.907023524,96.3227128856,11366.0801205,0.299967098381,-0.249872606334,13.0781108254,1.75381425431,0.984144023559,-0.819792015532,42.9071877473,2.82249044729
1212582,1,4,20,3,2012-02-24 12:29:30,2012-02-24 13:02:12,253944.0,255906.0,0.545277777778,0.533888888889,0.532222222222,0.0113888888889,0.97911360163,0.979102956167,24.0,1.0,1.02134305049,1.0,0.666021048409,0.443584036923,1.0,1.0,0.0,0.0,1.0,74.7959821429,47.3182330324,55.9626116071,55.3020677722,485.982334453,22.0450070187,1.1687263921,28.0909412202,67.7959077381,39.7049665179,13.5118675595,47.4664112151,56.0623511905,47.4664112151,480.470713244,21.9196421787,1.0,28.2821986607,67.8015811012,39.5193824405,13.4027529762,6.0,49.0,68.0,110.0,87.0,92.0,126.0,120.0,66.0,51.0,61.0,86.0,157.0,196.0,524.0,123.0,0.0,1916.0,0.312174817898,2.5494276795,3.53798126951,5.7232049948,4.52653485952,4.7866805411,6.55567117586,6.24349635796,3.43392299688,2.65348595213,3.1737773153,4.4745057232,8.16857440166,10.197710718,27.2632674298,6.39958376691,0.0,0.215430373472,2.2580093935,3.82916565051,100.0,4.26224431838,2.70206349102,1.59626435105,13.54679312,39.2642665886,9.73298411663,0.0,2.34537660733,3.17131855421,0.55752275918,9.88704113501,4.97623693477,1.65528260637,100.0,0.0544234834125,0.140845184211,0.403259136728,0.418168729037,0.570433661659,0.967349821222,1.07675709429,0.682613622272,0.592504960317,0.801160021908,1.25713075604,2.49773145048,3.42228284144,9.91920557416,2.45881252067,0.0,25.2626788578,109.0,109.0,4.31466514749,4.31466514749,7.69923786094,-10.2037572794,1.12924822024,-1.34041892505,0.615258076339,-0.677569598438,1.40120264015,1.65176848424,1.96336883876,2.72833912551,0.204613141741,-1.73806587121,1.46459358683,-0.233095291071,1.25998044509,1.50497058013,0.506349321429,0.573680685937,0.541623309053,0.456295525494,0.0281801929788,0.0281801929788,1041.0,874.0,53.0310748854,44.5236882323,9.5504587156,8.01834862385,1.0,1.0,37.0,25.0,7.13498453935,5.68755546621,50.9080043767,32.3482871812,8.0,6.0,4.0,4.0,11.0,11.0,7.0,7.0,4.0,3.0,3.0,2.0,0.0,0.0,0.0,0.0,0.0,0.118752251766,15.0,0.0,25.0,20.0,15.0,10.8012344973,116.666666667,10.0,22.5,12.5,5.0,204.328881196,27.8849941727,115.071822775,110.68568885,58.6379809084,3438.41280501,59.0450055378,165.518657614,106.473652076,52.3594910455,-132.676062781,-132.676062781,996.230806078,431.777371649,-564.45343443,0.51833028412,4.64229983804,0.42289654422,0.130970718069,-7.1054273576e-15,-0.629268042842,-0.194459854302,0.045381315693,-0.897513628976,0.479120037698,-0.0361094890231,0.433738722005,0.861404139953,0.111281640544,0.185325698353,0.0454132342165,-0.0502195587203,-0.000723429795559,0.00012556831024,0.0111948661974,0.000125325029178,-0.00234825166289,0.00296071773782,0.00530896940071,0.00261628979209,28.2587458841,5224.69070925,5.0189151866,23.6341151095,4.86149309467,-38.1312013198,-5224.69070925,-5.95745804932,42.3544341108,6.508028435,13.8761448786,1290.6114584,1.26406607091,4.476809421,2.11584721117,-14.8638011309,-1687.18908873,-1.88092429067,7.27460380914,2.69714734658,18674.4854588,14518756.9086,7565.79307377,37333672.7058,6110.12869797,0.0,0.0,0.0,0.0,0.0,327.803466796,398702.502974,207.765764968,9278.84690718,96.3267714977,0.0,0.0,0.0,0.0,0.0,610.752699583,343.957378879,661086.082206,559.009658596,272.288239049,523337.995452,18691.4918366,7554.97911187,14520669.853,327.902954092,207.441468769,398702.502974,0.137614194748,-0.14736858051,26.7248681641,0.192677982499,0.451490140248,-0.483492718209,87.6800136618,0.310085155067
1212582,1,4,20,10,2012-02-24 15:08:18,2012-02-24 15:53:35,263472.0,266189.0,0.755,0.600555555556,0.595,0.154444444444,0.795437821928,0.795362532205,246.0,1.0,1.25728829246,1.0,5.95583575198,35.4719795046,1.0,1.0,0.0,0.0,1.0,73.4026041667,37.3524444935,40.1035714286,48.5088675984,572.48724894,23.9267057687,1.2986798657,13.049702381,59.7462983631,46.6965959821,22.3413318452,37.7012068137,41.0842261905,37.7012068137,564.683841042,23.7630772637,1.0,13.6252139137,59.7811197917,46.155905878,21.9644345238,20.0,300.0,153.0,109.0,108.0,96.0,96.0,98.0,99.0,92.0,94.0,155.0,218.0,212.0,216.0,96.0,0.0,2142.0,0.925069380204,13.8760407031,7.07678075856,5.04162812211,4.9953746531,4.44033302498,4.44033302498,4.532839963,4.57909343201,4.25531914894,4.34782608696,7.16928769658,10.0832562442,9.80573543016,9.9907493062,4.44033302498,0.0,1.33473806944,2.64728649367,3.23336121137,100.0,3.95442794708,4.5480858484,1.66291087006,16.4828143888,17.9961096887,8.42483480791,0.0,4.87740133419,5.57099810943,1.31123165736,15.5253526892,10.0730600765,2.35738680792,100.0,0.29941135419,0.294138344574,0.373027792418,0.528814149133,0.593845078779,0.725314637415,0.887065899884,1.0202365348,1.09410930266,1.2496984437,2.25961080109,3.48268096892,3.69746086516,4.03692656663,1.88987731481,0.0,22.4322180542,119.0,119.0,5.30486997374,5.30486997374,6.69314140212,-12.3823143221,1.25796505115,-1.51290576776,0.717510083705,-0.76596247567,1.37408037186,1.82781225117,1.88809686834,3.34089762554,0.277414497573,-2.06839332723,1.68917697121,-0.251865136607,1.41176247363,1.81652819062,0.555783856473,0.619186648661,0.54347826087,0.451896392229,0.0251377548968,0.0251377548968,1175.0,967.0,43.2303164091,35.5776306107,9.87394957983,8.12605042017,1.0,1.0,48.0,40.0,8.20693969703,5.72412647455,67.3538591907,32.7656238966,7.0,7.0,4.0,5.0,12.5,10.0,8.5,5.0,4.0,3.0,10.0,3.0,3.0,3.0,0.0,0.0,0.0,0.445787392751,57.4,0.0,247.0,37.0,57.4,67.9046390168,4611.04,16.5,66.25,49.75,21.5,181.771045171,51.7186423205,121.007989525,136.66797443,40.3776520925,1630.3547885,86.7725976379,155.851228551,69.078630913,36.5394510531,124.400092373,124.400092373,530.510606129,327.455349251,-203.055256878,0.245379558802,3.12520386806,0.291330381896,0.129513535872,-1.42108547152e-14,-0.209335316369,-0.0991451811815,0.0392410638463,-0.19202080863,0.288464616008,-0.0410949438544,0.249223552162,0.150925864776,0.10772108837,0.0688488667023,0.0404487943836,-0.0354332635512,-0.000183753182195,2.24597833163e-05,0.00923757269962,8.53327493807e-05,-0.0024157009544,0.00385079242504,0.00626649337944,0.00320430497858,20.8759351726,5810.68518141,4.94526398418,22.4274582142,4.73576374139,-50.100308106,-5810.68518141,-5.947477156,47.9028305305,6.92118707524,9.34144350028,978.785952223,0.870806007316,1.88879930552,1.37433595075,-9.55096591827,-606.945751266,-0.625717269346,1.32203794762,1.14979909011,17662.9939677,11021454.0637,5121.49352402,28407457.1767,5329.864649,0.0,0.0,0.0,0.0,0.0,321.774862798,354031.3969,164.512730901,10918.7207941,104.492682969,0.0,0.0,0.0,0.0,0.0,543.325818133,361.700978544,781997.515613,538.376022074,196.616505152,425084.884138,17666.2170405,5098.85388809,11023722.106,321.794434069,163.751802451,354031.3969,0.170006036367,-0.159706083485,24.7100653362,0.278430337995,0.557762586506,-0.523970090174,81.0697681635,0.44809019387
1212582,1,4,20,2,2012-02-24 16:30:31,2012-02-24 16:34:19,268405.0,268633.0,0.0636111111111,0.0558333333333,0.0547222222222,0.00777777777778,0.877729257642,0.877192982456,29.0,1.0,1.14,1.0,1.97494303715,3.9004,1.0,1.0,0.0,0.0,1.0,32.684672619,17.6193744818,18.1502232143,20.8611745741,70.1005328219,8.37260609499,1.18399064596,11.2726934524,24.6888392857,13.4161458333,6.76994047619,17.9771282783,18.4591517857,17.9771282783,65.0925080012,8.06799281118,1.0,11.3802827381,24.7732886905,13.3930059524,6.71056547619,4.0,12.0,26.0,41.0,28.0,44.0,35.0,11.0,0.0,0.0,0.0,0.0,0.0,0.0,0.0,0.0,0.0,197.0,1.99004975124,5.97014925373,12.9353233831,20.3980099502,13.9303482587,21.8905472637,17.4129353234,5.47263681592,0.0,0.0,0.0,0.0,0.0,0.0,0.0,0.0,0.0,1.31399361743,28.2801223749,26.8407172257,100.0,9.61791564518,0.0,14.3727492646,0.0,0.0,0.0,0.0,0.0,0.0,5.8143254228,0.0,0.0,13.7601764495,100.0,0.0129263913002,0.0571983338156,0.141391692157,0.135365516838,0.278205253803,0.264045128555,0.0946160920966,0.0,0.0,0.0,0.0,0.0,0.0,0.0,0.0,0.0,0.983748408565,11.0,11.0,11.1817207573,11.1817207573,5.91559327567,-5.84735251942,2.29029441427,-2.22226586731,2.36925649085,-1.91823456295,1.45866960878,1.57390413431,2.12771702758,2.47717422398,1.06286978521,-3.26420709107,3.41586635173,-0.999821655804,2.35299656652,2.26438543527,1.17071455179,1.16034748594,0.487562189055,0.502487562189,0.242568253261,0.242568253261,98.0,99.0,42.7947598253,43.231441048,8.90909090909,9.0,3.0,1.0,16.0,16.0,3.91859310223,4.39007144278,15.3553719008,19.2727272727,8.0,7.0,6.5,6.5,11.0,12.5,4.5,6.0,3.0,3.0,2.0,1.0,0.0,0.0,0.0,0.0,0.0,2.03304013769,15.0,0.0,30.0,15.0,15.0,15.0,225.0,7.5,22.5,15.0,15.0,189.866637132,173.818073139,181.345336477,181.765707033,4.99893864126,24.9893875391,176.330819898,186.270626625,9.93980672714,4.87327508153,8.09559196179,8.09559196179,24.5959531361,16.345772549,-8.25018058716,0.12236792605,0.30132523854,0.113512309368,0.0928982153553,-0.0176716493668,-0.150003283403,-0.143261111672,0.0451766010608,-0.202085677397,0.181700510454,-0.0811051068354,0.136523909393,0.120980570561,0.0529359354507,0.0616888835267,0.00802450784044,-0.00858354319883,0.00140338407372,0.00279560194154,0.00474236031549,2.24899813619e-05,-0.00239053017404,0.00457438203919,0.00696491221323,0.0019998190086,12.7193460357,515.775150949,5.26301174438,10.8522144135,3.29426993635,-19.2386708119,-515.775150949,-5.10668466286,22.2948861923,4.72174609571,0.900681302682,48.8586080079,0.339295888944,0.0668015288156,0.258459917232,-0.991797807733,-24.6603418771,-0.448369852311,0.0611450105583,0.247275171738,1531.91600444,81265.1815373,408.367746419,159683.276758,399.603899828,0.0,0.0,0.0,0.0,0.0,142.430743811,15525.7862794,78.0190265296,1283.72898769,35.8291639267,0.0,0.0,0.0,0.0,0.0,567.524084264,542.05334636,108952.722618,106.745862775,38.0247515603,7642.97506363,1559.70180762,405.532280527,81511.9883859,143.288454784,77.242717808,15525.7862794,0.334396521789,-0.319112018815,10.132130826,3.2573181107,1.09710144944,-1.04695544231,33.2418990355,5.24214535755
1212582,1,5,24,5,2012-02-25 13:17:58,2012-02-25 13:25:09,343252.0,343683.0,0.12,0.0897222222222,0.0869444444444,0.0302777777778,0.747685185185,0.747099767981,36.0,1.0,1.33850931677,1.0,3.141637072,9.86988349215,1.0,1.0,0.0,0.0,1.0,40.9016369048,19.6940377138,21.6887152778,24.4902891226,122.212865791,11.0549927992,1.24353824637,10.1255828373,28.2592633929,18.1336805556,8.64565972222,20.3232401966,21.9494047619,20.3232401966,113.329997001,10.6456562504,1.0,11.1995110544,28.553422619,17.3539115646,8.50238095238,10.0,37.0,33.0,34.0,35.0,56.0,51.0,39.0,24.0,4.0,0.0,0.0,0.0,0.0,0.0,0.0,0.0,313.0,3.0959752322,11.4551083591,10.2167182663,10.5263157895,10.8359133127,17.3374613003,15.7894736842,12.0743034056,7.43034055728,1.23839009288,0.0,0.0,0.0,0.0,0.0,0.0,0.0,1.98380752954,19.8406931289,21.7454963397,100.0,19.465847623,13.9772822667,6.61527826811,0.0,0.0,0.0,0.0,2.54443808287,0.0,4.071374641,0.0,0.0,9.7557821202,100.0,0.0350537367725,0.0719408979159,0.116891492563,0.1723839704,0.350583624654,0.38424136078,0.343960131448,0.246977575231,0.0449600384425,0.0,0.0,0.0,0.0,0.0,0.0,0.0,1.76699282821,12.0,12.0,6.79119904079,6.79119904079,6.89755447768,-8.39808722612,2.22777471621,-2.94326440609,2.03816514576,-2.76716994107,1.70679175616,2.02695598932,2.91313809891,4.10855058264,0.766289856696,-4.5612907192,3.37464362411,-1.21338321228,2.60835376741,3.34790750692,1.29550908128,1.63184891585,0.560371517028,0.424148606811,0.173489633755,0.173489633755,181.0,132.0,41.8981481481,30.5555555556,15.0833333333,11.0,3.0,3.0,26.0,21.0,6.61385330617,4.77842372894,43.7430555556,22.8333333333,16.0,10.0,12.0,8.75,20.0,11.25,8.0,2.5,4.0,1.5,5.0,2.0,2.0,0.0,0.0,0.0,0.0,2.82966626699,23.4,0.0,37.0,23.0,23.4,13.6323145504,185.84,20.0,37.0,17.0,14.0,192.630160004,171.264354288,183.948755184,185.4925742,5.7468760024,33.0265837869,179.851970067,188.404234713,8.55226464553,4.2495002427,-18.6022828448,-18.6022828448,36.3507095264,8.87421334083,-27.4764961856,0.112540896367,0.331645441414,0.0944065249024,0.0527705665894,-0.00149971479263,-0.1226629294,-0.101714271963,0.0173029633887,-0.175737655201,0.15928301188,-0.0282007106334,0.141980048491,0.147536944568,0.0441338998056,0.0735852063896,0.00800708621058,-0.00999744762393,-0.00187856573409,-0.00183542071518,0.00401957699061,1.61569991834e-05,-0.00513185582979,0.00122468881829,0.00635654464808,0.00322446688228,17.143255887,948.586940003,5.24081182322,17.0903117446,4.13404302646,-28.1878430839,-948.586940003,-6.9239922628,34.1865802298,5.84692912817,0.991310418098,26.5256175381,0.282187420618,0.0882072361168,0.296997030485,-1.19576069734,-82.1290858259,-0.36664770458,0.0961312846082,0.31005045494,3051.23935274,211401.21819,664.783704999,525278.26007,724.760829564,0.0,0.0,0.0,0.0,0.0,179.207446274,27887.1638004,87.6954836489,2244.40743344,47.3751773975,0.0,0.0,0.0,0.0,0.0,575.784439062,549.835139096,177596.749928,167.164537582,50.9672076571,16462.4080732,3056.54803125,656.131509471,211930.477559,179.311337107,86.3379684221,27887.1638004,0.324630721953,-0.344183938486,12.193458503,2.18341258075,1.06506142373,-1.12921239661,40.004785115,3.51386193636
1212582,1,5,24,4,2012-02-25 13:34:09,2012-02-25 14:14:43,344223.0,346657.0,0.676388888889,0.617222222222,0.615,0.0591666666667,0.912525667351,0.912489728841,141.0,1.0,1.09590274651,1.0,3.17269507177,10.0659940185,1.0,1.0,0.0,0.0,1.0,70.4083333333,34.1782790947,31.8213541667,42.848437521,361.966274715,19.025411289,1.25367451657,18.99765625,50.5908110119,31.5931547619,14.7800719246,34.3017778448,31.867485119,34.3017778448,359.037965909,18.948297177,1.0,19.0924665179,50.608110119,31.5156436012,14.7570684524,8.0,92.0,133.0,156.0,208.0,236.0,193.0,215.0,204.0,115.0,86.0,117.0,118.0,206.0,127.0,8.0,0.0,2214.0,0.3600360036,4.1404140414,5.98559855986,7.02070207021,9.36093609361,10.6210621062,8.68586858686,9.67596759676,9.18091809181,5.17551755176,3.8703870387,5.26552655266,5.31053105311,9.27092709271,5.71557155716,0.3600360036,0.0,0.457186024059,7.01600789332,6.94465060938,100.0,9.14547429617,10.0075424054,2.56864365302,16.9703808687,11.1551655131,0.740018614406,0.0,6.37168397077,5.42325774108,1.38605463095,8.96497502976,8.04908666794,4.79987208199,100.0,0.0964461046007,0.292396448895,0.541870620281,1.01256149691,1.4800684963,1.46501525384,1.92929206969,2.11115045263,1.34414454158,1.14406840071,1.69800259383,1.89121467841,3.58000254216,2.35324835689,0.156111317791,0.0,21.0955933745,111.0,111.0,5.26176239887,5.26176239887,6.95848372433,-8.87027069983,1.26392083476,-1.36096344567,0.85762916317,-0.885020042411,1.20965323574,1.39020202538,1.46326095074,1.93266167138,0.388273897768,-1.79533026914,1.71954156144,-0.390456437946,1.33126766367,1.40487383119,0.570843383705,0.612257083594,0.517551755176,0.480648064806,0.0232921581987,0.0232921581987,1150.0,1064.0,47.227926078,43.6960985626,10.3603603604,9.58558558559,1.0,1.0,39.0,67.0,8.65015001983,9.17445382764,74.8250953656,84.1706030355,7.0,7.0,4.0,4.0,14.0,12.0,10.0,8.0,4.0,4.0,4.0,0.0,2.0,1.0,0.0,0.0,0.0,0.189613059419,54.75,0.0,142.0,38.5,54.75,53.0347763265,2812.6875,23.25,70.0,46.75,23.0,211.214274786,20.8649250917,110.488953338,103.399529098,49.54768701,2454.97328804,80.8818126714,141.620200539,60.7383878676,26.9903761585,-149.462393359,-149.462393359,1107.52246756,479.030037103,-628.492430461,0.498434953899,4.83239505699,0.474287165448,0.192396614522,-1.42108547152e-14,-0.527258750387,-0.232054320075,0.0174795094641,-0.776526962789,0.569197873019,-0.0288926564217,0.551718363555,0.747634306367,0.189272729357,0.224220613001,0.0648508594396,-0.0497500531355,-0.00210598199638,-6.03376470015e-05,0.0152457703451,0.000232433513415,-0.0068649052716,0.00228388333412,0.00914878860572,0.00420523995084,26.7535126302,5717.71613385,4.97192707291,18.7993922076,4.33582658873,-36.1944213464,-5717.71613385,-5.35366679199,33.9706840741,5.82843753283,14.4443522092,1431.85283759,1.41767607682,4.25464456912,2.06267897869,-12.2017916437,-1878.60593336,-1.57601168906,4.45575925225,2.11086694328,15587.3851553,7806353.12541,3519.54604392,18291539.3225,4276.86091923,0.0,0.0,0.0,0.0,0.0,308.64205034,332936.420856,150.10659191,6921.05204487,83.1928605403,0.0,0.0,0.0,0.0,0.0,631.333601793,330.258875449,733835.221248,495.348556025,152.893336888,339728.994565,15591.2648799,3514.10009185,7808330.40409,308.667656087,149.836373022,332936.420856,0.169041042474,-0.182200165274,21.4446409346,0.367582311609,0.554596596044,-0.59776957111,70.3564335124,0.591566387694
1212582,1,5,24,3,2012-02-25 14:26:54,2012-02-25 14:33:34,347388.0,347788.0,0.111388888889,0.0894444444444,0.0877777777778,0.0219444444444,0.802992518703,0.8025,46.0,1.0,1.246105919,1.0,2.8468475391,8.1045409109,1.0,1.0,0.0,0.0,1.0,50.6281994048,18.9318310052,16.6798363095,27.09661542,193.699940031,13.9176125837,1.43127283423,7.86370907738,27.2482142857,19.3845052083,9.7158110119,19.2912961509,16.8496279762,19.2912961509,190.443238413,13.8001173333,1.0,8.5462797619,27.3121837798,18.7659040179,9.3908110119,6.0,56.0,41.0,43.0,43.0,37.0,40.0,14.0,3.0,8.0,24.0,7.0,0.0,0.0,0.0,0.0,0.0,316.0,1.86335403727,17.3913043478,12.7329192547,13.3540372671,13.3540372671,11.4906832298,12.4223602484,4.34782608696,0.931677018634,2.48447204969,7.45341614907,2.17391304348,0.0,0.0,0.0,0.0,0.0,2.84551686059,13.1888207445,17.7151767115,100.0,7.07281854385,1.80136841153,8.67057265486,0.0,0.0,0.0,0.0,5.51411416676,18.7704952225,6.59498795162,0.0,5.71288604045,12.1132426918,100.0,0.0488279709743,0.113167447621,0.148783679965,0.207858568948,0.226315073165,0.303985594411,0.121366836144,0.0309107866237,0.0946200706845,0.322094452712,0.0980309193122,0.0,0.0,0.0,0.0,0.0,1.71596140056,15.0,15.0,8.7414553702,8.7414553702,5.23002102991,-7.14672781473,1.87579462717,-2.25544486908,1.50999042254,-1.85679605692,1.42530214213,1.79287572413,2.03148619637,3.21440336217,0.780858312388,-3.76051672768,2.8160224654,-0.621914823884,2.03516415301,3.13860190379,1.05100222299,1.32971260379,0.540372670807,0.450310559006,0.16781759963,0.16781759963,174.0,156.0,43.391521197,38.9027431421,11.6,10.4,2.0,2.0,29.0,24.0,7.51709163618,6.48896499194,56.5066666667,42.1066666667,10.0,7.0,5.5,6.0,13.5,15.0,8.0,9.0,4.0,3.0,3.0,1.0,1.0,0.0,0.0,0.0,0.0,1.74829107404,23.0,0.0,47.0,22.0,23.0,19.2006944319,368.666666667,11.0,34.5,23.5,22.0,45.4451629324,19.5548236445,30.652444836,27.5265278685,8.96805206508,80.425957842,23.4558229577,39.9071927662,16.4513698085,5.55991416209,1.51510735269,1.51510735269,68.8886247178,35.2018660352,-33.6867586825,0.213419187738,2.10736120356,0.26871653462,0.130169128972,-0.00427159225571,-0.178293151151,-0.0850819447267,0.0266271828094,-0.21014392485,0.365255842418,-0.0385084713682,0.338628659609,0.171635453481,0.113022897553,0.0581314940944,0.0289359799636,-0.0300026237755,-0.00188921751501,-0.00148825008989,0.0102431293975,0.000104921699854,-0.00746779141827,0.00528395140316,0.0127517428214,0.00597954132897,21.2775707702,820.10517989,4.71324816029,23.3637013292,4.8336012795,-25.9580191173,-820.62119261,-5.65945650076,32.7158348907,5.71977577276,6.29904366206,105.220733288,0.80321170449,1.33010618926,1.15330229743,-2.48186019972,-100.69197602,-0.535595617128,0.416646063036,0.645481264667,5791.41229399,285745.274348,895.753211122,2449776.13026,1565.17607005,0.0,0.0,0.0,0.0,0.0,221.883745438,26724.8668915,83.777012199,3677.17367575,60.6397037901,0.0,0.0,0.0,0.0,0.0,135.838633195,91.6222088765,29502.3512582,256.122502832,55.1685618644,17764.2769203,5796.77713285,888.698199013,286160.820082,221.952244888,82.9964810294,26724.8668915,0.302718985674,-0.301079065742,14.3886455333,1.46217660854,0.993172525176,-0.987792210439,47.206842301,2.3531451519
1212582,1,5,24,6,2012-02-25 18:26:36,2012-02-25 18:53:52,361770.0,363406.0,0.454722222222,0.424722222222,0.421388888889,0.03,0.934025656689,0.933985330073,37.0,1.0,1.07068062827,1.0,1.36004275325,1.84971629067,1.0,1.0,0.0,0.0,1.0,77.2941964286,43.9969067927,47.782514881,51.2212560448,401.183931243,20.029576412,1.16420129911,29.1088541667,60.1458333333,31.0369791667,14.5171130952,44.3449376968,48.3001488095,44.3449376968,388.924027544,19.721156851,1.0,29.5453125,60.259077381,30.713764881,14.2944196429,12.0,59.0,49.0,59.0,62.0,59.0,98.0,91.0,79.0,136.0,122.0,183.0,131.0,141.0,145.0,77.0,26.0,1517.0,0.784826684107,3.85873119686,3.2047089601,3.85873119686,4.05493786789,3.85873119686,6.40941792021,5.95160235448,5.16677567037,8.89470241988,7.97907128842,11.9686069326,8.5676913015,9.22171353826,9.48332243296,5.03597122302,1.70045781557,0.31539632122,1.96912450099,3.9916772478,100.0,4.39865355975,4.42188942831,1.08242014987,13.0264342846,14.5396239159,8.27177067269,2.9350428103,8.61854993048,8.65038996602,0.573874538052,11.2231320625,14.3398458707,1.64217474083,100.0,0.0589364200976,0.107236859095,0.202266051892,0.306864392154,0.367959741463,0.745903332861,0.82195281498,0.826294777199,1.61050223214,1.61645200893,2.67961013972,2.09720653522,2.43417995618,2.71694159226,1.54570145089,0.548455718833,18.6864640239,74.0,74.0,3.9600857554,3.9600857554,6.84603613642,-9.26826599531,1.21200986511,-1.34108975392,0.669767017299,-0.670367215848,1.43715955673,1.66153969638,2.0654275915,2.76071416265,0.295734194196,-1.69261447199,1.39216053465,-0.236696482366,1.09642634046,1.45591798962,0.448784824219,0.526865199107,0.523217789405,0.472858077175,0.0342196068937,0.0342196068937,800.0,717.0,48.869883934,43.7996334759,10.8108108108,9.68918918919,1.0,1.0,65.0,30.0,10.5825911042,6.27721248962,111.991234478,39.4033966399,8.0,8.5,4.25,5.25,12.0,13.0,7.75,7.75,4.0,3.5,6.0,3.0,2.0,0.0,0.0,0.0,0.0,0.321088034222,19.6666666667,0.0,38.0,16.5,19.6666666667,12.6841983936,160.888888889,14.0,29.5,15.5,9.5,205.203228465,19.6821093709,116.838674981,132.355299454,59.4138427384,3530.00470894,65.6867085949,167.555627837,101.868919242,54.1814601082,166.434421255,166.434421255,912.34314489,539.388783072,-372.954361817,0.59669270431,5.43978004537,0.734862102278,0.390963725989,-0.000138401087781,-0.472692473786,-0.232936517304,0.124554130813,-0.592883626966,1.00044009715,-0.0861784967811,0.875885966332,0.506705130185,0.333631859109,0.187448880533,0.0543575014846,-0.0464520069493,0.00196576718081,-0.000112189664081,0.014100340785,0.000198819610254,-0.00444390586238,0.00743575940975,0.0118796652721,0.00585073049562,19.6662064821,4018.740287,5.02342535875,17.2582893905,4.15430973695,-33.2321437102,-4018.740287,-5.55842363347,33.0472553214,5.74867422293,16.2598665857,1612.2691685,2.19655200068,6.6997886638,2.58839499764,-12.3725602573,-1114.78554558,-1.41290943673,3.2428170867,1.80078235406,20601.635672,9176958.00852,6025.57978235,28538822.7728,5342.1739744,0.0,0.0,0.0,0.0,0.0,338.71249353,294914.882939,193.640763584,7584.66559059,87.089985593,0.0,0.0,0.0,0.0,0.0,613.366182081,349.238618363,533985.847477,596.975552564,233.509784638,357036.460711,20627.6530033,6002.88232133,9178407.06932,338.855037624,192.880891392,294914.882939,0.15463419018,-0.138091628061,24.7045167469,0.253368603911,0.507330020276,-0.453056522511,81.0515641301,0.407757242492
1212582,1,5,24,9,2012-02-25 22:00:06,2012-02-25 22:35:22,374580.0,376696.0,0.588055555556,0.456111111111,0.451111111111,0.131944444444,0.775625885687,0.775519848771,245.0,1.0,1.28945764778,1.0,6.43267801981,41.3793465066,1.0,1.0,0.0,0.0,1.0,66.4729910714,35.2228834253,37.4876116071,43.3587952164,365.75921725,19.1248324764,1.23098369582,17.305766369,53.5513392857,36.2455729167,17.9389508929,35.6132848426,37.9272693452,35.6132848426,355.909721846,18.8655697461,1.0,17.7061011905,53.6377046131,35.9316034226,17.6915922619,18.0,69.0,78.0,151.0,173.0,118.0,96.0,81.0,109.0,117.0,114.0,160.0,199.0,145.0,14.0,0.0,0.0,1624.0,1.09622411693,4.20219244823,4.7503045067,9.19610231425,10.5359317905,7.18635809988,5.84652862363,4.93300852619,6.63824604141,7.12545676005,6.94275274056,9.74421437272,12.1193666261,8.83069427527,0.852618757613,0.0,0.0,0.423483991292,4.57451489421,4.58852159423,100.0,4.49846080148,7.18228272354,3.25635347573,15.5108257517,1.59256074596,0.0,0.0,8.52942954762,9.39998042932,1.03225494118,19.7220114854,14.5293599678,5.15995965056,100.0,0.0680350259925,0.165837418174,0.523151046834,0.828975820018,0.734920908771,0.737171161954,0.72270240162,1.15387311405,1.37029964038,1.51015841446,2.33422137173,3.16844931951,2.49189923322,0.255853618965,0.0,0.0,16.0655484957,88.0,88.0,5.47755963786,5.47755963786,7.78599383304,-7.8906466346,1.321154162,-1.46624215137,0.822708520313,-0.843224397991,1.38982376915,1.65032972779,1.93161010929,2.72358821044,0.37632449029,-1.89275340636,1.73948452232,-0.354144425725,1.36316003203,1.53860898064,0.544652901562,0.637356295647,0.523142509135,0.47137637028,0.0318600797281,0.0318600797281,859.0,765.0,40.5762871989,36.1360415683,9.76136363636,8.69318181818,1.0,0.0,52.0,29.0,8.07211011922,6.09835662391,65.1589617769,37.1899535124,7.0,7.0,5.0,4.0,12.0,11.0,7.0,7.0,3.0,3.0,9.0,2.0,5.0,1.0,0.0,0.0,0.0,0.560204962963,54.5555555556,0.0,246.0,34.0,54.5555555556,69.270983361,4798.4691358,24.0,45.0,21.0,11.0,839.972275337,171.402375288,389.986358569,329.936377478,217.261519814,47202.5679921,203.386755183,503.653340411,300.266585229,127.491387545,645.387197188,645.387197188,1107.19089674,876.289046966,-230.901849778,0.674294090587,5.95575400866,0.838554111929,0.476549121581,-0.000194556040441,-0.392690220711,-0.174348492202,0.146920845844,-0.423216007074,1.1854402115,-0.0467715221426,1.03851936565,0.376444484931,0.396195883355,0.151039143579,0.0658507340308,-0.0387473179057,0.00703240044123,0.00325415836583,0.0166880874336,0.000278492262191,-0.00261867283583,0.0152715239302,0.017890196766,0.00810688492091,21.7486771014,4110.51804911,4.78523637847,15.6075140648,3.95063464076,-27.329109587,-4110.51804911,-5.31074683347,27.4231300336,5.23670984814,17.8021472909,2619.28660264,2.5064943566,8.88257398938,2.980364741,-9.21869065815,-690.181080938,-1.17377734853,3.31833956955,1.82163101905,13086.6662264,5977328.15668,3660.33567463,13942538.2901,3733.97084751,0.0,0.0,0.0,0.0,0.0,291.16572036,253550.877677,155.266918357,6926.70504251,83.2268288625,0.0,0.0,0.0,0.0,0.0,2510.73334193,1165.69532365,1914071.72143,441.522881457,160.516385088,263567.904315,13120.3318848,3641.16849467,5978798.66824,291.415254071,154.415881655,253550.877677,0.218668753393,-0.144056262055,21.5028648943,0.47292696468,0.717417169925,-0.472625531677,70.5474570023,0.761102173046
1212582,1,6,28,2,2012-02-26 01:38:19,2012-02-26 01:55:12,387673.0,388686.0,0.281666666667,0.270833333333,0.269722222222,0.0108333333333,0.961538461538,0.961500493583,40.0,1.0,1.04004106776,1.0,1.24899894139,1.5599983556,1.0,1.0,0.0,0.0,1.0,71.4277529762,49.0276369048,57.8486607143,54.1920482145,324.580515851,18.0161182237,1.10533673731,38.6968377976,61.9358258929,23.2389880952,6.00074404762,49.229604513,57.8928571429,49.229604513,315.974828275,17.7756808104,1.0,39.074516369,61.948921131,22.8744047619,5.95267857143,4.0,21.0,26.0,18.0,28.0,44.0,43.0,27.0,47.0,70.0,7.0,71.0,193.0,283.0,88.0,5.0,0.0,971.0,0.410256410256,2.15384615385,2.66666666667,1.84615384615,2.87179487179,4.51282051282,4.41025641026,2.76923076923,4.82051282051,7.17948717949,0.717948717949,7.28205128205,19.7948717949,29.0256410256,9.02564102564,0.512820512821,0.0,0.165565052789,2.05135963256,2.441771781,100.0,1.870652497,3.66799383793,0.473869617974,36.8634910345,12.2307020326,0.740971216625,0.0,6.05504720546,0.694368492675,0.412770417503,23.4105009896,7.90214338224,1.01879280954,100.0,0.0219842547499,0.0548089700014,0.062921916336,0.135278552358,0.272386062072,0.324226229933,0.24839119337,0.487047898065,0.804008442874,0.0922004588294,1.04927175306,3.10852084367,4.89485168651,1.62403154969,0.0983885168651,0.0,13.2783183284,57.0,57.0,4.29271226901,4.29271226901,9.76228396473,-7.89151965067,1.07900227839,-1.2696984305,0.62076899029,-0.703978334598,1.42304873682,1.49974171839,2.02506770735,2.24922522187,0.254156803795,-1.49907772165,1.23343530017,-0.324598288058,0.979278496373,1.17447943359,0.416319539063,0.488015983929,0.539487179487,0.458461538462,0.0553320184089,0.0553320184089,526.0,445.0,51.8737672584,43.8856015779,9.22807017544,7.80701754386,2.0,1.0,32.0,28.0,5.60393828891,5.59272270413,31.404124346,31.2785472453,8.0,7.0,5.0,4.0,12.0,10.0,7.0,6.0,3.0,3.0,2.0,0.0,1.0,0.0,0.0,0.0,0.0,0.150621483123,20.5,0.0,41.0,20.5,20.5,20.5,420.25,10.25,30.75,20.5,20.5,835.138686724,189.660357155,452.744139318,399.994979907,212.473153987,45144.8411654,247.059022111,660.060660549,413.001638437,164.980944286,-645.478329569,-645.478329569,1120.13606378,237.328867103,-882.807196673,1.14885750131,5.39786999808,1.12478136068,0.457096192696,-0.000486129458125,-1.15853962818,-0.651089990042,0.124943911162,-1.61840675373,1.41249283643,-0.187300250971,1.28754892526,1.43110650276,0.400742366714,0.53758804412,0.0573490331336,-0.065067063742,-0.00846587524974,-0.00572019403441,0.0183211518392,0.000335664604715,-0.0164179087734,-0.00102230883692,0.0153955999364,0.00753799593237,21.6394965033,2759.31026543,5.24583700651,20.0613609157,4.47899106002,-27.7966786308,-2759.31026543,-6.17295361393,35.1786489246,5.93115915522,16.1345946497,709.39186582,3.36204675744,18.9040452253,4.34787824407,-18.03395738,-2638.76978831,-3.4629524781,15.9540876863,3.9942568378,16234.2633202,6930505.33698,7122.82151797,19977571.2973,4469.62764638,0.0,0.0,0.0,0.0,0.0,312.853787966,209562.049322,215.377234658,6148.0164414,78.4092879792,0.0,0.0,0.0,0.0,0.0,2496.2854221,1353.28253006,1319450.46681,509.796382272,272.617201968,265801.771919,16278.3402417,7109.12015796,6931392.15401,313.136755934,214.935435202,209562.049322,0.119768216702,-0.210055241786,25.4683886357,0.184645465342,0.392940343512,-0.689157617407,83.5577054977,0.297158071776
1212582,1,7,32,2,2012-02-27 14:09:36,2012-02-27 14:13:08,519150.0,519362.0,0.0591666666667,0.0497222222222,0.0486111111111,0.00944444444444,0.840375586854,0.839622641509,35.0,1.0,1.19101123596,1.0,2.54123921153,6.45789673021,1.0,1.0,0.0,0.0,1.0,40.2927827381,15.5863434008,12.5791666667,21.7917065513,120.0088543,10.9548552843,1.39812821975,7.03876488095,22.4716145833,15.4328497024,7.44858630952,15.9426026786,12.7694196429,15.9426026786,117.072213711,10.8199913914,1.0,7.24594494048,22.8933407738,15.6473958333,7.17581845238,4.0,31.0,27.0,44.0,19.0,17.0,9.0,14.0,11.0,3.0,0.0,0.0,0.0,0.0,0.0,0.0,0.0,175.0,2.23463687151,17.3184357542,15.0837988827,24.5810055866,10.6145251397,9.49720670391,5.02793296089,7.82122905028,6.14525139665,1.67597765363,0.0,0.0,0.0,0.0,0.0,0.0,0.0,3.97761467229,13.5577501221,8.78943586996,100.0,16.5081413243,14.7391598766,19.3483870081,0.0,0.0,0.0,0.0,4.31326755554,0.0,7.39924115443,0.0,0.0,11.3670024166,100.0,0.0308260216876,0.0573432036761,0.149947605958,0.0880928626543,0.105070886381,0.0681170407573,0.127936053241,0.11422666584,0.0334272900132,0.0,0.0,0.0,0.0,0.0,0.0,0.0,0.774987630208,9.0,9.0,11.6130885826,11.6130885826,6.39145978594,-8.73441666763,2.30153987493,-2.27567987633,2.17750214833,-1.6793555404,1.48724586309,2.15608098588,2.21190025727,4.64868521767,1.1134228721,-2.84548675781,3.23869865273,-0.711726352232,2.12527578064,2.13376040558,1.06462491127,1.03932563304,0.491620111732,0.497206703911,0.274648107113,0.274648107113,88.0,87.0,41.3145539906,40.8450704225,9.77777777778,9.66666666667,1.0,1.0,25.0,18.0,6.82768510922,5.35412613474,46.6172839506,28.6666666667,9.0,9.0,7.0,5.0,9.0,13.0,2.0,8.0,2.0,4.0,2.0,0.0,1.0,0.0,0.0,0.0,0.0,2.58068635168,18.0,0.0,36.0,18.0,18.0,18.0,324.0,9.0,27.0,18.0,18.0,189.660357155,173.668388515,178.897338951,178.009443675,4.41942520653,19.5313191561,174.742837309,181.898690576,7.15585326686,3.59757939513,-6.92276553308,-6.92276553308,25.0611717466,9.06920310674,-15.9919686398,0.14000654607,0.228729067598,0.0975183129757,0.089171728572,-0.0144473426038,-0.190380579045,-0.208033259423,0.0519535202662,-0.285348043254,0.138129118871,-0.0635775885644,0.0861755986048,0.22177045469,0.0456743064372,0.108045504929,0.00864289554264,-0.0163246582663,-0.000420851506367,0.0017248078265,0.00727828070359,5.29733700003e-05,-0.00548565771112,0.00619360419249,0.0116792619036,0.00603886983536,14.5265989959,433.583048191,4.92708009308,15.2871526621,3.90987885517,-26.2532508924,-433.583048191,-4.8717196426,35.7908901307,5.98254879885,0.683686489598,27.1084549971,0.29148876341,0.030152773122,0.173645538733,-1.42549734531,-47.801064447,-0.569060291035,0.146523843985,0.382784330904,2906.98761834,82501.562495,466.110522571,561618.630012,749.412189661,0.0,0.0,0.0,0.0,0.0,176.337482403,12231.0666132,69.1020712611,2259.8004636,47.5373586099,0.0,0.0,0.0,0.0,0.0,566.907499607,534.736117934,95717.7651102,162.224818659,36.266124149,6491.63622268,2922.07220929,462.256347843,82743.8862639,176.642141863,68.3299810794,12231.0666132,0.333180228314,-0.349771191709,11.5020236637,2.51843477736,1.09311098528,-1.14754327988,37.7362981091,4.05302789834
1212582,1,7,32,5,2012-02-27 14:56:12,2012-02-27 15:03:39,521946.0,522393.0,0.124444444444,0.105555555556,0.102777777778,0.0188888888889,0.848214285714,0.847874720358,19.0,1.0,1.17941952507,1.0,1.74631120631,3.04960282928,1.0,1.0,0.0,0.0,1.0,39.4517113095,19.0264782562,18.3109747024,23.7551130334,112.247611225,10.5946973163,1.24852916622,10.8953311012,27.0334449405,16.1381138393,8.38943452381,19.5407073982,18.7076636905,19.5407073982,105.232929247,10.258310253,1.0,11.3838541667,27.0819196429,15.6980654762,8.07340029762,10.0,34.0,44.0,54.0,69.0,54.0,39.0,48.0,28.0,0.0,0.0,0.0,0.0,0.0,0.0,0.0,0.0,370.0,2.63157894737,8.94736842105,11.5789473684,14.2105263158,18.1578947368,14.2105263158,10.2631578947,12.6315789474,7.36842105263,0.0,0.0,0.0,0.0,0.0,0.0,0.0,0.0,1.5862128783,16.7266409293,14.6150147697,100.0,21.76091315,14.4409394721,9.45955361193,0.0,0.0,0.0,0.0,0.0,0.0,4.70545615005,0.0,0.0,16.7052690386,100.0,0.0318567139964,0.0945020512979,0.189980990617,0.335500351356,0.335929573826,0.293520719659,0.437035404266,0.290024677579,0.0,0.0,0.0,0.0,0.0,0.0,0.0,0.0,2.0083504826,23.0,23.0,11.4521843669,11.4521843669,6.24424745089,-6.38393002232,1.94827249009,-2.00092850334,1.43087334107,-1.5595340846,1.60123319727,1.59708468007,2.56394775204,2.55067947531,0.614630596038,-2.89852248415,2.94274620452,-0.714672781473,2.32811560848,2.18384970268,1.04456372946,0.959335535491,0.5,0.486842105263,0.131578947368,0.131578947368,190.0,180.0,42.4107142857,40.1785714286,8.26086956522,7.82608695652,1.0,1.0,21.0,18.0,5.58894398756,4.61238572535,31.236294896,21.2741020794,7.0,7.0,3.5,4.5,12.0,9.5,8.5,5.0,5.0,3.0,5.0,4.0,0.0,0.0,0.0,0.0,0.0,2.48960529715,15.2,0.0,20.0,20.0,15.2,7.75628777187,60.16,16.0,20.0,4.0,0.0,201.167626296,172.884223667,184.077346679,182.514292719,8.35047497526,69.7304323124,177.73673877,191.282439328,13.5457005578,6.05672249782,12.5142389605,12.5142389605,44.234895629,28.3745672948,-15.8603283343,0.116407620076,0.775030093852,0.128391707216,0.0875384870049,-0.00401519800053,-0.102989145028,-0.0649620442067,0.0500525803724,-0.123897207234,0.165197365159,-0.040072352553,0.115144784787,0.0838248546806,0.048315595987,0.0280334318263,0.0157863951413,-0.0149622232424,0.000529514855468,0.00136579615882,0.00564781205053,3.18977809581e-05,-0.00272017329668,0.00375790338127,0.00647807667795,0.00380756439561,17.2400811826,892.985489307,4.69992362793,19.3767607936,4.40190422359,-20.6293472164,-892.985489307,-4.82694859085,22.909968318,4.78643586795,2.31661681554,84.8134804701,0.383771404842,0.160474317927,0.40059245865,-1.41480662536,-47.4075827643,-0.307841446522,0.0932176069736,0.305315585867,2733.56648876,227118.166948,605.648445195,511628.376068,715.282025545,0.0,0.0,0.0,0.0,0.0,172.758875409,31696.3362741,84.5235633975,2077.64461461,45.5811870689,0.0,0.0,0.0,0.0,0.0,601.303497135,550.219507678,209083.412918,155.522943089,47.388637352,18007.6821938,2742.87930084,598.798165836,227543.303018,172.954914312,83.4114112475,31696.3362741,0.283251877742,-0.271678724821,11.8548684727,2.01548382773,0.929304060834,-0.891334399019,38.8939254352,3.24360680526
1212582,1,7,32,3,2012-02-27 15:10:11,2012-02-27 15:15:34,522785.0,523108.0,0.09,0.0719444444444,0.0702777777778,0.0180555555556,0.799382716049,0.798761609907,34.0,1.0,1.2519379845,1.0,2.85069285132,8.12644973259,1.0,1.0,0.0,0.0,1.0,39.6827380952,16.8390796887,17.1077380952,23.0719083349,137.788976013,11.7383549109,1.37014069423,5.02973400298,24.7524181548,19.7226841518,9.91547619048,17.2384254521,17.2367559524,17.2384254521,134.172606593,11.5832899728,1.0,5.98296130952,24.9290178571,18.9460565476,9.67738095238,6.0,59.0,31.0,23.0,36.0,41.0,18.0,14.0,31.0,0.0,0.0,0.0,0.0,0.0,0.0,0.0,0.0,253.0,2.3166023166,22.7799227799,11.9691119691,8.88030888031,13.8996138996,15.8301158301,6.94980694981,5.40540540541,11.9691119691,0.0,0.0,0.0,0.0,0.0,0.0,0.0,0.0,4.32760484508,21.0116788266,11.0174279377,100.0,10.2377837612,26.620949318,6.6233075223,0.0,0.0,0.0,0.0,0.0,0.0,5.6224029614,0.0,0.0,14.5388448278,100.0,0.0524279907155,0.068114188058,0.080239928948,0.176134940442,0.254551915406,0.133473741319,0.124028521825,0.322507006448,0.0,0.0,0.0,0.0,0.0,0.0,0.0,0.0,1.21147823316,14.0,14.0,11.5561300375,11.5561300375,5.37035836339,-7.17952048092,1.89022036915,-2.01217007039,1.67346268192,-1.23013420815,1.45590514954,1.92812416565,2.11965980445,3.71766279816,0.537429299833,-3.17282231501,2.96067031574,-0.47546031529,2.4232410159,2.69736199972,1.17917189498,0.950550811272,0.509652509653,0.478764478764,0.196777030754,0.196777030754,132.0,121.0,40.7407407407,37.3456790123,9.42857142857,8.64285714286,1.0,1.0,27.0,30.0,7.81677944017,7.60269823209,61.1020408163,57.8010204082,8.0,6.5,4.0,3.25,11.5,13.25,7.5,10.0,4.0,4.0,3.0,0.0,2.0,0.0,0.0,0.0,0.0,2.47631357946,23.0,0.0,35.0,34.0,23.0,16.2685791225,264.666666667,17.0,34.5,17.5,1.0,195.251830582,169.167497894,178.617212476,173.894222455,9.5584670189,91.3642917514,170.232241778,189.70706018,19.4748184018,4.55370372829,-25.3360534182,-25.3360534182,30.135963764,2.39995517289,-27.7360085911,0.116355072448,0.15053538503,0.0510628760188,0.043700067269,-0.00309403265686,-0.132708175077,-0.0914727702687,0.00844169053063,-0.183764602171,0.0786981755307,-0.029832996598,0.070256485,0.153931605573,0.0365742697509,0.0678155347461,0.0046864426487,-0.0130054686909,-0.00432992668306,-0.00381985198985,0.0044878817719,2.01410827986e-05,-0.00808411035106,-0.00145655170241,0.00662755864865,0.00347361306528,13.7247978478,525.325750176,3.97974053163,10.8257068172,3.29024418809,-21.9149479617,-525.325750176,-4.23649798529,22.217296734,4.71352275204,0.449960339683,7.17362661676,0.152630353548,0.019554122346,0.139836055243,-1.81898218479,-82.9047857726,-0.396673616137,0.156568698876,0.395687627903,2784.45530053,141832.569821,554.033475863,597070.211627,772.703184688,0.0,0.0,0.0,0.0,0.0,173.824368048,19119.8806183,74.6870336653,2599.64935967,50.9867567086,0.0,0.0,0.0,0.0,0.0,583.620787862,533.898801154,138279.789499,157.34974179,42.1016537261,10904.328315,2791.34842373,548.604935485,142088.678291,173.967727612,73.8219328893,19119.8806183,0.250850833157,-0.289693595136,12.0620391404,1.7241461671,0.823001421117,-0.950438304252,39.5736192269,2.77474428914
1212582,1,7,32,2,2012-02-27 21:19:06,2012-02-27 21:22:10,544920.0,545104.0,0.0513888888889,0.0466666666667,0.0455555555556,0.00472222222222,0.908108108108,0.907608695652,18.0,1.0,1.10179640719,1.0,1.31155496021,1.72017641364,1.0,1.0,0.0,0.0,1.0,39.0147321429,20.6153615717,21.2939360119,25.340770088,123.818108374,11.1273585533,1.2292178335,11.8983258929,28.8216331845,16.9233072917,8.20338541667,21.1181752686,21.3878348214,21.1181752686,116.219554459,10.7805173558,1.0,12.1574404762,28.8953869048,16.7379464286,8.01968005952,4.0,17.0,14.0,20.0,20.0,26.0,34.0,11.0,22.0,0.0,0.0,0.0,0.0,0.0,0.0,0.0,0.0,164.0,2.38095238095,10.119047619,8.33333333333,11.9047619048,11.9047619048,15.4761904762,20.2380952381,6.54761904762,13.0952380952,0.0,0.0,0.0,0.0,0.0,0.0,0.0,0.0,1.6333792196,16.4451045644,26.9606822892,100.0,10.3274959465,24.0166013556,7.1479932262,0.0,0.0,0.0,0.0,0.0,0.0,3.17339126553,0.0,0.0,10.2953521329,100.0,0.0157139281581,0.0305296172288,0.0687672836062,0.0990464564732,0.15821016245,0.259375299686,0.0993556960979,0.231051762979,0.0,0.0,0.0,0.0,0.0,0.0,0.0,0.0,0.96205020668,9.0,9.0,9.35502111793,9.35502111793,4.73032845603,-6.31665322132,2.04331606601,-2.25023414865,2.0312901442,-1.78138929375,1.35850211751,1.69867381415,1.84552800327,2.88549272688,0.77305573125,-3.69940560268,3.2559680019,-0.744000665123,2.48291227065,2.95540493756,1.25976219107,1.33604197031,0.517857142857,0.470238095238,0.30824829932,0.30824829932,87.0,77.0,47.027027027,41.6216216216,9.66666666667,8.55555555556,4.0,3.0,28.0,21.0,7.05533682951,5.81398908976,49.7777777778,33.8024691358,8.0,7.0,6.0,4.0,8.0,13.0,2.0,9.0,2.0,4.0,2.0,1.0,0.0,0.0,0.0,0.0,0.0,2.07889358176,9.5,0.0,19.0,9.5,9.5,9.5,90.25,4.75,14.25,9.5,9.5,189.763674258,169.578134178,178.110643495,175.71258338,7.37087495903,54.3297976617,170.979141328,185.46550555,14.4863642223,5.96398043135,19.847897094,19.847897094,20.5231830648,20.1855400794,-0.33764298541,0.122161803957,0.429827715531,0.13638878432,0.104654471868,-0.00379078925238,-0.0187579436339,-0.0175004902346,0.0645208447474,-0.0265717986985,0.187364787146,-0.00764669221144,0.122843942399,0.0189251064871,0.0507102273916,0.0102969453683,0.00900699419108,-0.00324448604038,0.00358880437683,0.00376211784747,0.00265403467234,7.04390004199e-06,0.00206107222387,0.00501980045559,0.00295872823172,0.00167055131319,14.1638688913,428.048395948,4.92009650515,13.5750393172,3.68443202098,-13.7601890446,-428.048395948,-5.41833412593,16.7279968189,4.08998738615,1.28478380579,60.3359301136,0.40767520347,0.105397498099,0.324649808407,-0.116685204593,-1.00923747846,-0.0560687488033,0.00110155007696,0.0331896079663,2643.69522747,121923.004671,734.475931755,635599.233086,797.244776142,0.0,0.0,0.0,0.0,0.0,170.844478869,15183.3393263,91.4658995561,2293.25615562,47.8879541808,0.0,0.0,0.0,0.0,0.0,567.216321342,532.384632572,89440.6182721,152.096784405,54.8385258212,9212.87233796,2652.74220121,726.889814849,122117.488895,171.03921302,90.3770197995,15183.3393263,0.291706166705,-0.253388106506,12.5497338354,1.85215180903,0.957041229348,-0.831325808747,41.1736674391,2.98074940095
1212582,1,7,32,1,2012-02-27 21:52:48,2012-02-27 21:56:57,546942.0,547191.0,0.0694444444444,0.0694444444444,0.0688888888889,0.0,1.0,1.0,1.0,1.0,1.0,1.0,0.0,0.0,1.0,1.0,0.0,0.0,1.0,44.6115327381,22.8887083333,23.4813616071,29.0910617238,185.834214125,13.6321023369,1.27097874201,10.1379278274,34.3411272321,24.2031994048,11.5261532738,23.0732946909,23.8761904762,23.0732946909,183.073861719,13.5304789907,1.0,10.4271019345,34.3471354167,23.9200334821,11.4159598214,2.0,32.0,27.0,25.0,22.0,26.0,17.0,46.0,19.0,34.0,0.0,0.0,0.0,0.0,0.0,0.0,0.0,248.0,0.8,12.8,10.8,10.0,8.8,10.4,6.8,18.4,7.6,13.6,0.0,0.0,0.0,0.0,0.0,0.0,0.0,1.73608674878,10.4016068435,7.87768761872,100.0,26.5793083579,12.2959107514,5.39350063354,0.0,0.0,0.0,0.0,25.4323801011,0.0,3.532798434,0.0,0.0,6.75072051106,100.0,0.027594988357,0.0561536062197,0.0857293492339,0.10730227279,0.165332878638,0.125215343226,0.422476414379,0.195442718667,0.404246062748,0.0,0.0,0.0,0.0,0.0,0.0,0.0,1.58949363426,12.0,12.0,7.54957411679,7.54957411679,5.33663811763,-7.23719410513,1.64155530138,-1.68159323556,1.09050620022,-1.1125862317,1.51046353503,1.69912529989,2.28150009066,2.88702678472,0.42441403495,-2.33853723783,2.63056111373,-0.380253062612,2.20614707878,1.95828417522,0.824181734933,0.838677439286,0.504,0.492,0.2016,0.2016,126.0,122.0,50.4,48.8,10.5,10.1666666667,1.0,3.0,36.0,26.0,11.0942928271,6.3223589128,123.083333333,39.9722222222,4.5,9.0,3.75,5.75,12.0,13.25,8.25,7.5,2.5,4.0,1.0,0.0,0.0,0.0,0.0,0.0,0.0,0.629131176399,0.0,0.0,0.0,0.0,0.0,0.0,0.0,0.0,0.0,0.0,0.0,194.996345029,170.948525349,183.449676533,182.038662673,7.78090194519,60.5424350807,177.509006119,190.52318124,13.0141751204,7.85484849682,-18.8151489089,-18.8151489089,33.8635741548,7.52421262293,-26.3393615318,0.135454296619,0.291415329655,0.0940526577867,0.0600801754871,-0.0027533555598,-0.155854210248,-0.12412622194,0.0220182537386,-0.259055433663,0.156462946232,-0.0662453219307,0.134444692493,0.192810111732,0.0432766377028,0.081932961925,0.00765190206785,-0.0114407531726,-0.00223450255842,-0.00356015592209,0.00485511452317,2.35721370331e-05,-0.00574464859215,0.00169405401612,0.00743870260826,0.00333663257793,16.7535077858,550.919790615,4.3723792906,19.4586353343,4.41119432063,-18.2534437268,-550.919790615,-4.47902268793,18.6921367573,4.32344038438,0.871059921854,22.4903750503,0.281129688128,0.0567009936728,0.238119704503,-1.19384906415,-78.7301142487,-0.465858664194,0.112531004208,0.335456411786,3959.33792726,274681.44595,1103.13833715,1474866.82558,1214.44095187,0.0180823132374,0.0,0.0,0.0,0.0,195.466116979,25085.8230043,100.746277126,3533.38968722,59.4423223573,2.57398100889,0.0,0.0,0.0,0.0,582.857124447,548.34335961,137085.839902,198.864408458,70.9176298732,17729.4074683,3965.98065839,1099.73455927,274933.639817,195.575389912,100.343292017,25085.8230043,0.205206516525,-0.227191979721,14.654662507,0.955519392694,0.673249726131,-0.745380510896,48.0796014009,1.53775940152
1212582,1,8,34,1,2012-02-28 01:43:41,2012-02-28 01:47:03,560795.0,560997.0,0.0563888888889,0.0563888888889,0.0544444444444,0.0,1.0,1.0,1.0,1.0,1.0,1.0,0.0,0.0,1.0,1.0,0.0,0.0,1.0,44.7371279762,27.2994623065,29.3150297619,32.1783585928,173.91708587,13.1877627318,1.17871766966,18.350483631,39.3488467262,20.9983630952,10.2988095238,28.2744431031,30.1927455357,28.2744431031,152.561371304,12.3515736367,1.0,19.9625,39.5211309524,19.5586309524,9.51413690476,7.0,12.0,11.0,15.0,11.0,19.0,29.0,25.0,29.0,45.0,0.0,0.0,0.0,0.0,0.0,0.0,0.0,196.0,3.44827586207,5.91133004926,5.41871921182,7.38916256158,5.41871921182,9.35960591133,14.2857142857,12.315270936,14.2857142857,22.1674876847,0.0,0.0,0.0,0.0,0.0,0.0,0.0,0.764959362014,7.6754556883,14.3640829934,100.0,14.3578985858,19.8825069293,3.52445948815,0.0,0.0,0.0,0.0,34.3382329416,0.0,1.52069329972,0.0,0.0,3.5717107118,100.0,0.0117756799769,0.0234093450314,0.0542550481564,0.054982427042,0.118154916915,0.221118732432,0.221023530506,0.306068597057,0.52859806961,0.0,0.0,0.0,0.0,0.0,0.0,0.0,1.53938634673,7.0,7.0,4.54726652272,4.54726652272,5.91893983728,-6.75659875781,1.90001035246,-2.25890119681,1.15958359687,-1.38700428348,1.74391733209,1.8621661836,3.04124766117,3.46766289536,0.404806639621,-3.4869898798,3.1949114404,-0.855992258036,2.79010480078,2.63099762176,0.949023033147,1.01673634219,0.527093596059,0.443349753695,0.259652017763,0.259652017763,107.0,89.0,52.7093596059,43.842364532,15.2857142857,12.7142857143,5.0,3.0,32.0,29.0,7.70369643584,7.5727761604,59.3469387755,57.3469387755,13.0,12.0,12.5,8.5,16.0,14.0,3.5,5.5,1.0,3.0,1.0,1.0,0.0,0.0,0.0,0.0,0.0,0.649609503246,5.0,5.0,5.0,5.0,5.0,0.0,0.0,5.0,5.0,0.0,0.0,194.755253805,170.31469358,182.774402039,181.869224486,7.32903319157,53.7147275232,178.47387287,190.815123689,12.3412508188,5.43950264684,20.0622803059,20.0622803059,33.1711474299,26.6167138679,-6.55443356201,0.163404667142,0.376778628107,0.184838290749,0.210687598659,-0.00774355587805,-0.123668557774,-0.0906105730783,0.0431573679557,-0.216221850223,0.294926507514,-0.052387167077,0.251769139558,0.163834683146,0.11801316781,0.0552452971235,0.010415477387,-0.00604215201604,0.0022917983897,0.0015207640677,0.00451557972107,2.03904602174e-05,-0.000376365818923,0.00536153323914,0.00573789905806,0.00361241288291,19.8469491431,621.605074173,5.80939321657,25.6709607991,5.06665183322,-20.3412173547,-621.605074173,-6.90672304636,26.2600242275,5.12445355404,1.12621653344,79.5591389416,0.552494020428,0.145537876624,0.381494268141,-0.815990997198,-19.5916405395,-0.369653595086,0.0636830143419,0.252354937225,3993.99726282,301825.848451,1532.11090584,1635213.81276,1278.75478993,0.0,0.0,0.0,0.0,0.0,196.03482551,24295.0160962,123.324954803,2977.9981672,54.5710378057,0.0,0.0,0.0,0.0,0.0,582.136486646,546.324918956,110903.958548,199.985714065,91.8464269694,18644.8246748,3999.57142959,1488.33542544,302132.091364,196.125995017,119.679882247,24295.0160962,0.263269353023,-0.239063554357,15.609714327,1.08046423568,0.863744596532,-0.784329246579,51.2129735137,1.73883863491
