sampno,vehno,day_id,trip_id,mt_cnt,start_ts,end_ts,start_rts,end_rts,absolute_time_duration_hrs,speed_data_duration_hrs,driving_data_duration_hrs,non_recorded_time_hrs,collected_vs_real_time_ratio,mean_estimated_sampling_rate_hz,max_gap_between_samples_s,min_gap_between_samples_s,mean_gap_between_samples_s,median_gap_between_samples_s,std_gap_between_samples_s,var_gap_between_samples_s,gap_25th_percentile_s,gap_75th_percentile_s,gap_inter_quartile_range_s,gap_median_absolute_deviation_s,median_estimated_sampling_rate_hz,max_speed,total_average_speed,total_median_speed,total_root_mean_cubed_speed,total_speed_variance,total_speed_standard_deviation,total_speed_velocity_ratio,total_speed_25th_percentile,total_speed_75th_percentile,total_speed_inter_quartile_range,total_speed_median_absolute_deviation,driving_average_speed,driving_median_speed,driving_root_mean_cubed_speed,driving_speed_variance,driving_speed_standard_deviation,driving_speed_velocity_ratio,driving_speed_25th_percentile,driving_speed_75th_percentile,driving_speed_inter_quartile_range,driving_speed_median_absolute_deviation,zero_seconds,zero_five_seconds,five_ten_seconds,ten_fifteen_seconds,fifteen_twenty_seconds,twenty_twenty_five_seconds,twenty_five_thirty_seconds,thirty_thirty_five_seconds,thirty_five_fourty_seconds,fourty_fourty_five_seconds,fourty_five_fifty_seconds,fifty_fifty_five_seconds,fifty_five_sixty_seconds,sixty_sixty_five_seconds,sixty_five_seventy_seconds,seventy_seventy_five_seconds,seventy_five_plus_seconds,driving_time_seconds,percent_zero,percent_zero_five,percent_five_ten,percent_ten_fifteen,percent_fifteen_twenty,percent_twenty_twenty_five,percent_twenty_five_thirty,percent_thirty_thirty_five,percent_thirty_five_fourty,percent_fourty_fourty_five,percent_fourty_five_fifty,percent_fifty_fifty_five,percent_fifty_five_sixty,percent_sixty_sixty_five,percent_sixty_five_seventy,percent_seventy_seventy_five,percent_seventy_five_plus,percent_distance_zero_five,percent_distance_twenty_twenty_five,percent_distance_twenty_five_thirty,percent_distance_total,percent_distance_thirty_thirty_five,percent_distance_thirty_five_fourty,percent_distance_ten_fifteen,percent_distance_sixty_sixty_five,percent_distance_sixty_five_seventy,percent_distance_seventy_seventy_five,percent_distance_seventy_five_plus,percent_distance_fourty_fourty_five,percent_distance_fourty_five_fifty,percent_distance_five_ten,percent_distance_fifty_five_sixty,percent_distance_fifty_fifty_five,percent_distance_fifteen_twenty,percent_total,distance_zero_five,distance_five_ten,distance_ten_fifteen,distance_fifteen_twenty,distance_twenty_twenty_five,distance_twenty_five_thirty,distance_thirty_thirty_five,distance_thirty_five_fourty,distance_fourty_fourty_five,distance_fourty_five_fifty,distance_fifty_fifty_five,distance_fifty_five_sixty,distance_sixty_sixty_five,distance_sixty_five_seventy,distance_seventy_seventy_five,distance_seventy_five_plus,distance_total,total_number_of_acceleration_events,total_number_of_deceleration_events,acceleration_events_per_mile,deceleration_events_per_mile,max_acceleration_ft_per_second_squared,max_deceleration_ft_per_second_squared,average_acceleration_ft_per_second_squared,average_deceleration_ft_per_second_squared,median_acceleration_ft_per_second_squared,median_deceleration_ft_per_second_squared,std_acceleration_ft_per_second_squared,std_deceleration_ft_per_second_squared,var_acceleration_ft_per_second_squared,var_deceleration_ft_per_second_squared,acceleration_25th_percentile_ft_per_second_squared,deceleration_25th_percentile_ft_per_second_squared,acceleration_75th_percentile_ft_per_second_squared,deceleration_75th_percentile_ft_per_second_squared,acceleration_inter_quartile_range_ft_per_second_squared,deceleration_inter_quartile_range_ft_per_second_squared,acceleration_median_absolute_deviation_ft_per_second_squared,deceleration_median_absolute_deviation_ft_per_second_squared,cumulative_acceleration_duration,cumulative_deceleration_duration,cumulative_acceleration_cycle_duration_percent,cumulative_deceleration_cycle_duration_percent,absolute_time_cumulative_acceleration_duration,absolute_time_cumulative_deceleration_duration,absolute_time_cumulative_acceleration_cycle_duration_percent,absolute_time_cumulative_deceleration_cycle_duration_percent,average_acceleration_event_duration,average_deceleration_event_duration,min_acceleration_event_duration,min_deceleration_event_duration,max_acceleration_event_duration,max_deceleration_event_duration,std_acceleration_event_duration,std_deceleration_event_duration,var_acceleration_event_duration,var_deceleration_event_duration,median_acceleration_event_duration,median_deceleration_event_duration,acceleration_event_duration_25th_percentile,deceleration_event_duration_25th_percentile,acceleration_event_duration_75th_percentile,deceleration_event_duration_75th_percentile,acceleration_event_duration_inter_quartile_range,deceleration_event_duration_inter_quartile_range,acceleration_event_duration_median_absolute_deviation,deceleration_event_duration_median_absolute_deviation,total_stops,stops_0_30,stops_30_60,stops_60_plus,stops_300_plus,stops_1800_plus,stops_3600_plus,stops_per_mile,average_stop_duration,min_stop_duration,max_stop_duration,median_stop_duration,mean_stop_duration,std_stop_duration,var_stop_duration,stop_duration_25th_percentile,stop_duration_75th_percentile,stop_duration_inter_quartile_range,stop_duration_median_absolute_deviation,max_elevation,min_elevation,mean_elevation,median_elevation,std_of_elevation,var_of_elevation,elevation_25th_percentile,elevation_75th_percentile,elevation_inter_quartile_range,elevation_median_absolute_deviation,delta_elevation,delta_elevation_cumulative,absolute_delta_elevation_cumulative,total_elevation_gained,total_elevation_lost,average_absolute_elevation_rate_change,max_climbing_rate,average_climbing_rate,median_climbing_rate,max_descending_rate,average_descending_rate,median_descending_rate,climbing_rate_25th_percentile,descending_rate_25th_percentile,climbing_rate_75th_percentile,descending_rate_75th_percentile,climbing_rate_inter_quartile_range,descending_rate_inter_quartile_range,climbing_rate_median_absolute_deviation,descending_rate_median_absolute_deviation,max_road_grade,min_road_grade,mean_road_grade,median_road_grade,std_of_road_grade,var_of_road_grade,road_grade_25th_percentile,road_grade_75th_percentile,road_grade_inter_quartile_range,road_grade_median_absolute_deviation,maximum_kinetic_power_density_demand,total_kinetic_power_density_demand,average_kinetic_power_density_demand,variance_kinetic_power_density_demand,standard_deivation_kinetic_power_density_demand,maximum_kinetic_power_density_regen,total_kinetic_power_density_regen,average_kinetic_power_density_regen,variance_kinetic_power_density_regen,standard_deivation_kinetic_power_density_regen,maximum_potential_power_density_demand,total_potential_power_density_demand,average_potential_power_density_demand,variance_potential_power_density_demand,standard_deivation_potential_power_density_demand,maximum_potential_power_density_regen,total_potential_power_density_regen,average_potential_power_density_regen,variance_potential_power_density_regen,standard_deivation_potential_power_density_regen,maximum_aerodynamic_power_density_demand,total_aerodynamic_power_density_demand,average_aerodynamic_power_density_demand,variance_aerodynamic_power_density_demand,standard_deivation_aerodynamic_power_density_demand,maximum_aerodynamic_power_density_regen,total_aerodynamic_power_density_regen,average_aerodynamic_power_density_regen,variance_aerodynamic_power_density_regen,standard_deivation_aerodynamic_power_density_regen,maximum_rolling_power_density_demand,total_rolling_power_density_demand,average_rolling_power_density_demand,variance_rolling_power_density_demand,standard_deivation_rolling_power_density_demand,maximum_rolling_power_density_regen,total_rolling_power_density_regen,average_rolling_power_density_regen,variance_rolling_power_density_regen,standard_deivation_rolling_power_density_regen,maximum_instantanteous_potential_energy_density,average_instantanteous_potential_energy_density,cumulative_instanteous_potential_energy_density,maximum_instantanteous_kinetic_energy_density,average_instantanteous_kinetic_energy_density,cumulative_instanteous_kinetic_energy_density,maximum_instantanteous_aerodynamic_energy_density,average_instantanteous_aerodynamic_energy_density,cumulative_instanteous_aerodynamic_energy_density,maximum_instantanteous_rolling_energy_density,average_instantanteous_rolling_energy_density,cumulative_instanteous_rolling_energy_density,characteristic_acceleration,characteristic_deceleration,aerodynamic_speed,kinetic_intensity,ca_standard,cd_standard,as_standard,ki_standard
2194348,1,1,1,2,2012-07-11 08:48:13,2012-07-11 08:54:01,5.0,353.0,0.0969444444444,0.0875,0.0863888888889,0.00944444444444,0.902578796562,0.902298850575,35.0,1.0,1.10828025478,1.0,1.91567326255,3.66980404885,1.0,1.0,0.0,0.0,1.0,36.4135411071,20.6789267251,22.6382436064,25.1431842774,120.107084653,10.9593377835,1.21588439341,10.9973208114,30.7906618895,19.7933410781,9.16153270833,20.9448936283,22.9425590089,20.9448936283,116.081221811,10.7740995824,1.0,11.3037091567,30.9154386972,19.6117295404,9.01279793601,4.0,36.0,35.0,33.0,31.0,35.0,49.0,74.0,18.0,0.0,0.0,0.0,0.0,0.0,0.0,0.0,0.0,311.0,1.26984126984,11.4285714286,11.1111111111,10.4761904762,9.84126984127,11.1111111111,15.5555555556,23.4920634921,5.71428571429,0.0,0.0,0.0,0.0,0.0,0.0,0.0,0.0,1.9260790631,12.0652860286,20.4612503812,100.0,36.5742184986,9.92138389189,6.50688299268,0.0,0.0,0.0,0.0,0.0,0.0,4.15627861563,0.0,0.0,8.38862052838,100.0,0.034850591836,0.0752039583238,0.117735937038,0.151784210577,0.21831001999,0.370227110168,0.661776136314,0.179518124198,0.0,0.0,0.0,0.0,0.0,0.0,0.0,0.0,1.80940608844,15.0,15.0,8.2900130025,8.2900130025,5.77762030069,-7.39619220734,2.28684542913,-2.13156580122,2.25792538152,-1.26199943225,1.54812186743,1.94149816697,2.39668131641,3.76941513235,0.958789707292,-3.42366892959,3.50132919496,-0.511696358259,2.54253948767,2.91197257134,1.2836824353,1.00470883329,0.479365079365,0.514285714286,0.152179390275,0.152179390275,151.0,160.0,43.2664756447,45.8452722063,10.0666666667,10.6666666667,2.0,2.0,17.0,30.0,4.79536813556,7.6652172543,22.9955555556,58.7555555556,12.0,9.0,5.5,5.5,13.0,11.0,7.5,5.5,3.0,3.0,2.0,0.0,1.0,0.0,0.0,0.0,0.0,1.105335067,18.0,0.0,36.0,18.0,18.0,18.0,324.0,9.0,27.0,18.0,18.0,1101.78374297,1036.67249176,1061.48161465,1062.70137211,17.0964672437,292.289192214,1046.52668563,1065.70745626,19.1807706318,7.34230195624,64.2238214116,64.2238214116,70.8091383621,67.5164798868,-3.29265847526,0.224790915435,0.956128655909,0.288531965328,0.228130420001,-0.000775620416789,-0.0416792212059,-0.017396040934,0.0317926818632,-0.0620292862452,0.453167300912,-0.00523114022417,0.421374619049,0.056798146021,0.200319759282,0.0160026520948,0.0285741090863,-0.00420390860172,0.00679491416718,0.00421180581232,0.00858856626917,7.37634705599e-05,-1.2498701935e-05,0.0121435565504,0.0121560552523,0.00498347835621,14.2174230025,853.203338582,5.65035323564,16.0687858212,4.00858900627,-19.4172617264,-853.203338582,-5.2666872752,24.0750781076,4.90663612952,2.85793253664,201.811276585,0.862441352925,0.66641867954,0.816344706322,-0.59906475586,-9.84197652727,-0.124581981358,0.0217446779794,0.147460767594,2150.89739312,223217.294651,713.15429601,452994.144443,673.048396806,0.0,0.0,0.0,0.0,0.0,159.491344808,28556.5414665,91.2349567621,2252.4277916,47.4597491734,0.0,0.0,0.0,0.0,0.0,3293.30533909,3172.83958053,999444.467866,132.49167873,54.7299955316,17239.9485925,2156.74054149,710.01903639,223655.996463,159.63568304,90.6556871954,28556.5414665,0.32684023928,-0.260915738632,12.3818760371,2.13187931793,1.07231049632,-0.856022764541,40.6229528776,3.43092718904
2194348,1,1,1,1,2012-07-11 13:46:53,2012-07-11 13:50:22,17925.0,18134.0,0.0583333333333,0.0583333333333,0.0577777777778,0.0,1.0,1.0,1.0,1.0,1.0,1.0,0.0,0.0,1.0,1.0,0.0,0.0,1.0,26.8838535342,13.5835147072,14.2173039772,16.8951681584,56.6612266375,7.52736518561,1.24379945269,5.95918833761,19.3251857042,13.3659973666,6.70654760379,13.7141254256,14.3275718541,13.7141254256,55.4148343512,7.4441140743,1.0,6.01806167578,19.3682289269,13.3501672511,6.51618289546,2.0,44.0,33.0,32.0,52.0,33.0,14.0,0.0,0.0,0.0,0.0,0.0,0.0,0.0,0.0,0.0,0.0,208.0,0.952380952381,20.9523809524,15.7142857143,15.2380952381,24.7619047619,15.7142857143,6.66666666667,0.0,0.0,0.0,0.0,0.0,0.0,0.0,0.0,0.0,0.0,5.96874930216,26.1472118472,12.680050371,100.0,0.0,0.0,14.2458475143,0.0,0.0,0.0,0.0,0.0,0.0,8.6613946917,0.0,0.0,32.2967462736,100.0,0.0472946797924,0.068630439605,0.112880062883,0.255910274669,0.20718310473,0.100473129577,0.0,0.0,0.0,0.0,0.0,0.0,0.0,0.0,0.0,0.0,0.792371691256,9.0,9.0,11.3583058296,11.3583058296,4.00026863752,-4.40141978862,1.31162931004,-1.18046637903,0.965992474008,-0.882018973276,1.05365190175,1.0669693884,1.11018233006,1.13842367579,0.541433690811,-1.76712080011,1.865744434,-0.332182492684,1.32431074319,1.43493830742,0.603581598785,0.621260101116,0.471428571429,0.52380952381,0.224489795918,0.224489795918,99.0,109.0,47.1428571429,51.9047619048,11.0,12.1111111111,4.0,3.0,24.0,32.0,5.51764845242,8.38576100627,30.4444444444,70.3209876543,10.0,9.0,8.0,8.0,13.0,15.0,5.0,7.0,3.0,4.0,1.0,0.0,0.0,0.0,0.0,0.0,0.0,1.26203398107,0.0,0.0,0.0,0.0,0.0,0.0,0.0,0.0,0.0,0.0,0.0,1108.0644573,1078.39584284,1094.01541192,1095.54177187,9.83758527753,96.7780840927,1085.21282528,1103.31508645,18.1022611724,8.6761747983,-2.7777940981,-2.7777940981,56.5594348296,26.8908203657,-29.6686144638,0.269330642046,0.594362838106,0.246704773998,0.181904832892,-0.0341973360812,-0.296686144638,-0.284096763083,0.105411004859,-0.439569147687,0.416136757458,-0.153781655491,0.310725752599,0.285787492196,0.0922819754853,0.142700580011,0.0277789745919,-0.0174223767904,0.00358966507851,0.00413092942413,0.0155755048155,0.000242596350258,-0.0122431210337,0.0183602213047,0.0306033423384,0.0152121841315,8.68359895538,239.863419128,2.42286281947,4.67572132026,2.16234162894,-9.96816795695,-239.863419128,-2.18057653752,5.9029597186,2.42960073234,1.77659029786,80.3784616069,0.737417078962,0.302254121822,0.549776428943,-1.7352883425,-88.6814740561,-0.886814740561,0.220472433333,0.469544921528,867.618213093,45161.196965,216.082282129,56651.483956,238.015722077,0.0557194812354,0.0,0.0,0.0,0.0,117.843841729,12505.4266164,59.8345771119,1071.17110465,32.7287504291,3.74561409267,0.0,0.0,0.0,0.0,3312.07881454,3270.08527775,686717.908329,72.2180594617,24.098590181,5060.70393801,867.928040682,215.425303613,45239.3137587,117.857868013,59.5496505542,12505.4266164,0.195183853916,-0.201695006197,8.4160595857,2.75566414612,0.640366974791,-0.661729022957,27.6117440476,4.43481155958
2194348,1,1,1,2,2012-07-11 18:09:07,2012-07-11 18:13:04,33659.0,33896.0,0.0661111111111,0.0597222222222,0.0586111111111,0.00638888888889,0.903361344538,0.902953586498,24.0,1.0,1.10747663551,1.0,1.56856985488,2.46041138964,1.0,1.0,0.0,0.0,1.0,39.7421128571,24.3290313634,28.5223955022,29.3659646746,167.01544952,12.9234457294,1.20703386156,11.0746276525,35.2875739974,24.2129463449,8.32113039286,24.7902452281,28.7605651012,24.7902452281,158.748014371,12.5995243708,1.0,11.6638124578,35.3520826685,23.6882702107,7.9961319494,4.0,27.0,17.0,15.0,7.0,11.0,44.0,31.0,59.0,0.0,0.0,0.0,0.0,0.0,0.0,0.0,0.0,211.0,1.86046511628,12.5581395349,7.90697674419,6.97674418605,3.25581395349,5.11627906977,20.4651162791,14.4186046512,27.4418604651,0.0,0.0,0.0,0.0,0.0,0.0,0.0,0.0,1.49563924308,4.81296542261,23.473463526,100.0,19.5646795714,42.3503593951,3.39322427459,0.0,0.0,0.0,0.0,0.0,0.0,2.50565856219,0.0,0.0,2.40401000505,100.0,0.0217313961707,0.0364068134313,0.0493029996025,0.0349298763454,0.0699316087341,0.341065626448,0.284271628125,0.615343868679,0.0,0.0,0.0,0.0,0.0,0.0,0.0,0.0,1.45298381754,13.0,13.0,8.94710584048,8.94710584048,4.45216359678,-4.62708645319,1.23410295291,-1.13404055133,0.853318673599,-0.702669008011,1.25315935971,1.17147286475,1.57040838083,1.37234867285,0.198856700205,-1.7571628506,1.62757490698,-0.244662526488,1.42871820678,1.51250032411,0.669439598624,0.533412743254,0.474418604651,0.516279069767,0.220659816117,0.220659816117,102.0,109.0,42.8571428571,45.7983193277,7.84615384615,8.38461538462,1.0,3.0,32.0,15.0,8.21673858045,4.82841686968,67.5147928994,23.3136094675,6.0,7.0,3.0,4.0,8.0,14.0,5.0,10.0,3.0,4.0,2.0,1.0,0.0,0.0,0.0,0.0,0.0,1.37647782161,12.5,0.0,25.0,12.5,12.5,12.5,156.25,6.25,18.75,12.5,12.5,1191.72932273,1099.00594887,1140.49176866,1137.33691026,34.7043789347,1204.39391724,1101.57010173,1174.57979549,73.009693759,35.9357089078,92.7233738641,92.7233738641,97.6093080356,95.1663409498,-2.44296708579,0.453996781561,1.26325774183,0.488032517692,0.586344729819,-0.0112654449474,-0.135720393655,-0.160545407847,0.114445147496,-0.209353604979,0.720113220365,-0.0391642857592,0.60566807287,0.17018931922,0.261408895096,0.0606008432072,0.0259408748853,-0.00548050773005,0.0109058270046,0.0127615096996,0.00691681025463,4.78422640986e-05,0.00480567374224,0.0157438927055,0.0109382189632,0.0033811980666,13.4117524349,341.190570671,3.34500559481,11.5246615085,3.39479918529,-10.381636628,-341.190570671,-3.07378892496,8.86306249649,2.97708960169,3.77596192754,284.458561631,1.45876185452,1.02659324489,1.0132093786,-0.693095921913,-7.30219210279,-0.405677339044,0.0593810540446,0.243682280941,2793.04123038,243099.741137,1141.31333867,897683.149619,947.461423816,0.0,0.0,0.0,0.0,0.0,174.002790762,22931.3877635,107.659097481,3125.81280219,55.9089688886,0.0,0.0,0.0,0.0,0.0,3562.15869617,3409.00621824,732936.336921,157.820958912,75.8328151129,16304.0552493,2803.8967326,1131.20671298,243209.44329,174.228024479,106.657617504,22931.3877635,0.220414669738,-0.101888240406,14.4195734881,1.06007273896,0.723145241921,-0.334279003955,47.308311969,1.70602170201
2194348,1,1,1,2,2012-07-11 18:30:52,2012-07-11 18:37:55,34964.0,35387.0,0.117777777778,0.114166666667,0.113055555556,0.00361111111111,0.969339622642,0.96926713948,14.0,1.0,1.03170731707,1.0,0.641240803439,0.411189767995,1.0,1.0,0.0,0.0,1.0,41.2724706577,24.5709386892,28.2087795082,28.2857260751,115.203611004,10.7332945084,1.15118622177,16.8456099457,33.2685631213,16.4229531756,6.73013351265,24.8124221161,28.2708327083,24.8124221161,110.344044503,10.5044773551,1.0,17.1141739868,33.2944936607,16.1803196739,6.64218761533,4.0,20.0,34.0,32.0,52.0,35.0,66.0,117.0,42.0,9.0,0.0,0.0,0.0,0.0,0.0,0.0,0.0,407.0,0.973236009732,4.86618004866,8.27250608273,7.78588807786,12.6520681265,8.51581508516,16.0583941606,28.4671532847,10.2189781022,2.1897810219,0.0,0.0,0.0,0.0,0.0,0.0,0.0,0.727191058426,7.81186919872,18.3590459782,100.0,38.1822980093,15.5285930248,4.11017470651,0.0,0.0,0.0,0.0,3.62824508091,0.0,2.56052987639,0.0,0.0,9.09205306676,100.0,0.0203990338911,0.0718275274735,0.1152978879,0.255048651244,0.219137161673,0.515004683816,1.07108301471,0.43560532232,0.101778883985,0.0,0.0,0.0,0.0,0.0,0.0,0.0,2.80518216702,19.0,19.0,6.77317866319,6.77317866319,5.37985256376,-6.48509054953,1.69100093169,-1.76709597361,1.11500500229,-1.0186460583,1.4831700687,1.75225413527,2.19979345268,3.07039455457,0.470009750273,-2.89584877285,2.90365177877,-0.372941522731,2.4336420285,2.52290725012,0.867150413535,0.806939554576,0.508515815085,0.486618004866,0.12372647569,0.12372647569,209.0,198.0,49.2924528302,46.6981132075,11.0,10.4210526316,1.0,2.0,25.0,21.0,6.34117704498,4.83752643919,40.2105263158,23.4016620499,10.0,10.0,6.5,7.0,14.0,13.0,7.5,6.0,4.0,3.0,2.0,1.0,0.0,0.0,0.0,0.0,0.0,0.712966175073,7.5,0.0,15.0,7.5,7.5,7.5,56.25,3.75,11.25,7.5,7.5,1192.09704193,1032.140187,1094.03268285,1066.80738084,54.5550902889,2976.25787643,1042.48422207,1140.48784589,98.003623821,31.7193294496,-145.793977995,-145.793977995,180.318355765,17.2621888848,-163.05616688,0.438730792615,1.04487324466,0.19180209872,0.0824382017861,-0.00947199794996,-0.511147858558,-0.531401750631,0.0300077510731,-0.721367084889,0.304547979849,-0.188328989256,0.274540228776,0.533038095633,0.0779734539711,0.236991666079,0.0558176162934,-0.0304604331444,-0.00865416688977,-0.0117090783526,0.0128514844073,0.000165160651471,-0.0155821647673,-0.00141878010451,0.0141633846628,0.0053745712739,13.2495916625,926.078757038,4.4309988375,13.3633053918,3.65558550602,-21.5291910403,-926.078757038,-4.63039378519,18.9127542513,4.34887965473,3.1231960512,51.5978377622,0.573309308469,0.520323086706,0.72133424063,-4.45347040477,-487.385794523,-1.52785515524,1.10763732616,1.0524435026,3139.64225356,415078.943634,1014.86294287,692233.621581,832.00578218,0.0,0.0,0.0,0.0,0.0,180.921728453,44272.1517216,108.244869735,2155.38649395,46.4261402009,0.0,0.0,0.0,0.0,0.0,3563.25783346,3270.1369017,1344026.2666,170.209465567,71.8376607757,29525.2785788,3140.44043107,1010.90687803,415482.72687,180.937059233,107.71813071,44272.1517216,0.161088639969,-0.257619298633,13.5604896619,0.876020301629,0.528506036642,-0.84520767268,44.4897954785,1.4098180163
2194348,1,2,5,1,2012-07-12 08:58:50,2012-07-12 09:00:17,87042.0,87129.0,0.0244444444444,0.0244444444444,0.0238888888889,0.0,1.0,1.0,1.0,1.0,1.0,1.0,0.0,0.0,1.0,1.0,0.0,0.0,1.0,36.8052082887,16.7118479151,16.4145082578,22.3125452248,122.146359968,11.0519844357,1.33513333403,6.52725026097,26.1466326207,19.6193823597,9.88705353423,17.1004955411,16.9349821752,17.1004955411,118.340905996,10.8784606446,1.0,6.82870122247,26.3244227848,19.4957215623,9.77433033929,2.0,17.0,15.0,6.0,14.0,9.0,13.0,6.0,6.0,0.0,0.0,0.0,0.0,0.0,0.0,0.0,0.0,86.0,2.27272727273,19.3181818182,17.0454545455,6.81818181818,15.9090909091,10.2272727273,14.7727272727,6.81818181818,6.81818181818,0.0,0.0,0.0,0.0,0.0,0.0,0.0,0.0,4.26522142866,14.0257863863,23.9450080429,100.0,13.4683589862,14.731774017,5.30729208625,0.0,0.0,0.0,0.0,0.0,0.0,7.48113456771,0.0,0.0,16.7754244849,100.0,0.0174239344498,0.0305613203203,0.0216809164456,0.0685295948833,0.0572969977503,0.0978181924474,0.055019840833,0.0601810407961,0.0,0.0,0.0,0.0,0.0,0.0,0.0,0.0,0.408511837926,5.0,5.0,12.2395473908,12.2395473908,6.03515997847,-6.13937640077,2.27840145303,-2.80418640373,2.16342500444,-2.45284767711,1.83486881879,1.76828362176,3.36674358216,3.12682696699,0.348469905562,-4.35820551381,3.56258763351,-1.36054109785,3.21411772795,2.99766441596,1.72517090493,1.53236170382,0.545454545455,0.443181818182,0.619834710744,0.619834710744,48.0,38.0,54.5454545455,43.1818181818,9.6,7.6,3.0,1.0,15.0,15.0,3.87814388593,5.12249938995,15.04,26.24,10.0,5.0,9.0,5.0,11.0,12.0,2.0,7.0,1.0,4.0,1.0,0.0,0.0,0.0,0.0,0.0,0.0,2.44790947816,0.0,0.0,0.0,0.0,0.0,0.0,0.0,0.0,0.0,0.0,0.0,1095.7682155,1045.93534474,1076.55905963,1074.11649725,14.0784847555,198.20373301,1071.89666803,1089.20252437,17.3058563377,8.24231052901,49.3567707078,49.3567707078,50.3089708271,49.8328707675,-0.476100059668,0.571692850308,1.97999514516,0.638882958557,0.52832221182,-0.0117141743094,-0.0529000066297,-0.0634701013746,0.113452607317,-0.0673131413062,1.02649809776,-0.0451451222409,0.913045490447,0.0221680190652,0.443569569734,0.00502362552947,0.0611019121802,-0.00624622203258,0.0197968507556,0.0150043437208,0.018360451444,0.000337106177227,0.0105360194768,0.0199610560397,0.00942503656284,0.00446832424398,16.2228080604,266.469982091,5.55145796023,26.596266192,5.15715679343,-16.970567308,-266.469982091,-6.83256364336,30.2625500202,5.50114079262,5.91833799016,148.95378554,1.90966391717,2.74349086731,1.65634865512,-0.204732333317,-1.42309493896,-0.158121659885,0.003152678395,0.0561487167708,2211.89005493,43513.517102,500.155368989,407896.351082,638.667637416,0.186778842938,0.0,0.0,0.0,0.0,160.984635733,6447.24548779,74.1062699746,2290.57547343,47.8599568891,5.60570065246,0.0,0.0,0.0,0.0,3275.32452495,3217.90707255,283175.822385,135.357190936,40.1120632229,3529.86156361,2227.08604777,496.199701633,43665.5737437,161.352738183,73.2641532704,6447.24548779,0.557770955436,-0.333367859615,11.5053630168,4.21361880488,1.82995720287,-1.09372657354,37.7472539923,6.78116214192
2194348,1,2,5,2,2012-07-12 13:23:04,2012-07-12 13:28:22,102896.0,103214.0,0.0886111111111,0.0794444444444,0.0783333333333,0.00916666666667,0.896551724138,0.896226415094,34.0,1.0,1.11578947368,1.0,1.95131889484,3.80764542936,1.0,1.0,0.0,0.0,1.0,54.1715027173,22.6625782261,22.2686377173,29.4641544593,189.292765743,13.7583707518,1.30012367372,11.0972279288,31.2293896726,20.1321617439,9.8636907846,22.9840332364,22.6171500037,22.9840332364,184.589436872,13.5863695251,1.0,11.4130016922,31.3297989141,19.9167972219,9.75572935528,4.0,26.0,34.0,31.0,33.0,34.0,43.0,26.0,28.0,5.0,5.0,17.0,0.0,0.0,0.0,0.0,0.0,282.0,1.3986013986,9.09090909091,11.8881118881,10.8391608392,11.5384615385,11.8881118881,15.034965035,9.09090909091,9.79020979021,1.74825174825,1.74825174825,5.94405594406,0.0,0.0,0.0,0.0,0.0,1.53746582311,11.8314027663,17.9641237896,100.0,12.7632319545,16.3590467489,5.98428688314,0.0,0.0,0.0,0.0,3.27872808081,3.68388954274,3.86874121519,0.0,13.7509083937,8.97817480197,100.0,0.0276807797029,0.0696534333937,0.107742054751,0.161644489973,0.213014460957,0.323428947623,0.229791262166,0.294530884784,0.0590307428928,0.0663253344235,0.247573546182,0.0,0.0,0.0,0.0,0.0,1.80041593685,14.0,14.0,7.775980935,7.775980935,5.64601311701,-6.88613264618,2.47758922179,-2.62121758247,2.48018427003,-2.48855043615,1.65052147139,2.0108573498,2.72422112752,4.04354728124,0.976004498679,-4.10363932741,3.88778597935,-0.655908185082,2.91178148067,3.44773114233,1.50398882064,1.81193584882,0.51048951049,0.482517482517,0.178492835835,0.178492835835,146.0,136.0,45.7680250784,42.6332288401,10.4285714286,9.71428571429,2.0,2.0,31.0,17.0,8.10391691639,4.29997626951,65.6734693878,18.4897959184,10.0,10.5,3.25,6.5,13.5,11.75,10.25,5.25,6.0,2.5,2.0,0.0,1.0,0.0,0.0,0.0,0.0,1.11085441929,17.5,0.0,35.0,17.5,17.5,17.5,306.25,8.75,26.25,17.5,17.5,1095.29211544,1036.3481047,1063.53495751,1063.1195939,14.1379550074,199.881771791,1062.54665631,1066.04489861,3.4982422994,1.79905122219,-57.9884743178,-57.9884743178,64.7383328461,3.37492926413,-61.363403582,0.226357807154,0.137670375123,0.0468740175574,0.038103917019,-0.00115210750937,-0.289450016896,-0.148747003583,0.00744148957818,-0.497149069035,0.0828288478619,-0.0380914299695,0.0753873582838,0.459057639066,0.0364174399497,0.129978853716,0.00349283930166,-0.0205266026301,-0.00580918906802,-0.00341502608694,0.00660901079951,4.3679023748e-05,-0.0123858412202,2.12763913872e-05,0.0124071176116,0.0039110372926,22.1488878365,973.720046145,6.66931538455,26.8026372617,5.17712635172,-23.3006929511,-973.720046145,-7.05594236337,34.8149625553,5.90042054054,0.411505964145,10.0878894208,0.140109575288,0.0172603100102,0.131378499041,-4.31083541967,-183.419319746,-0.865185470498,0.851745666322,0.922900680638,7097.6295001,326250.904053,1148.77078892,2788974.19036,1670.02221254,0.0,0.0,0.0,0.0,0.0,237.447961497,28414.6564367,100.051607172,3571.64066324,59.7632049278,0.0,0.0,0.0,0.0,0.0,3273.90143001,3178.97715975,909187.467687,293.227393109,70.2339643713,20086.9138102,7101.03751233,1142.59180612,326781.256551,237.485961942,99.3519455829,28414.6564367,0.307383382036,-0.367204646283,15.006520051,1.36496149091,1.00847566285,-1.20473965316,49.2339896686,2.19669258563
2194348,1,2,5,1,2012-07-12 14:09:22,2012-07-12 14:14:31,105674.0,105983.0,0.0861111111111,0.0861111111111,0.0855555555556,0.0,1.0,1.0,1.0,1.0,1.0,1.0,0.0,0.0,1.0,1.0,0.0,0.0,1.0,45.3191956845,21.1654997401,21.0909223441,26.770048269,148.772745428,12.1972433537,1.2647964186,11.0143887525,30.731491034,19.7171022816,9.88967618638,21.3029380501,21.1668524464,21.3029380501,146.810962413,12.1165573664,1.0,11.1212434546,30.7627783095,19.6415348549,9.81227660528,2.0,33.0,40.0,33.0,42.0,45.0,31.0,27.0,39.0,14.0,4.0,0.0,0.0,0.0,0.0,0.0,0.0,308.0,0.645161290323,10.6451612903,12.9032258065,10.6451612903,13.5483870968,14.5161290323,10.0,8.70967741935,12.5806451613,4.51612903226,1.29032258065,0.0,0.0,0.0,0.0,0.0,0.0,1.8907000527,15.551381798,13.1899527847,100.0,13.0346966823,22.2566742391,6.48057999458,0.0,0.0,0.0,0.0,9.09802008066,2.75368963122,4.42943898809,0.0,0.0,11.3148657486,100.0,0.0344596098804,0.0807302772856,0.118114059442,0.206223011941,0.283437105264,0.240398061371,0.237568387402,0.405646739375,0.165819121978,0.0501883258996,0.0,0.0,0.0,0.0,0.0,0.0,1.82258469984,13.0,13.0,7.13272749472,7.13272749472,5.52782858599,-6.80487957453,2.02581743731,-2.32124914692,1.89269890506,-1.70532766758,1.54709258404,1.90271404931,2.39349546358,3.62032075343,0.580774067014,-3.72777851505,3.18312597661,-0.707279550477,2.6023519096,3.02049896458,1.31192483805,1.291954453,0.532258064516,0.464516129032,0.171696149844,0.171696149844,165.0,143.0,53.2258064516,46.1290322581,12.6923076923,11.0,2.0,1.0,38.0,24.0,8.808951875,7.20042733775,77.5976331361,51.8461538462,13.0,9.0,7.0,6.0,13.0,12.0,6.0,6.0,4.0,3.0,1.0,0.0,0.0,0.0,0.0,0.0,0.0,0.548671345748,0.0,0.0,0.0,0.0,0.0,0.0,0.0,0.0,0.0,0.0,0.0,1095.37750196,1036.63271528,1063.4922187,1062.79791716,14.7940615932,218.864258423,1062.50360859,1068.73059284,6.22698425379,2.90687344236,57.5170706223,57.5170706223,64.665518665,61.0912946436,-3.57422402137,0.208598447306,1.13578033016,0.267944274753,0.152165096146,-0.000281322248611,-0.0441262224861,-0.0307223271152,0.0274877262863,-0.0617488151474,0.394885524318,-0.00551537563024,0.367397798031,0.0562334395172,0.141618056078,0.0257633604119,0.0203005206241,-0.0146775252522,0.00497472983495,0.00172992537987,0.00680317868467,4.62832402156e-05,-4.16193940287e-05,0.0109228476573,0.0109644670513,0.00389193885967,17.2022304056,859.723779472,5.21044714832,19.084955627,4.36863315317,-20.7903940375,-859.723779472,-5.97030402411,26.6937031373,5.16659492677,3.39492341328,182.605967919,0.800903368067,0.75661659716,0.869837109555,-0.609591867146,-10.683594787,-0.131896231938,0.0210382915097,0.145045825551,4147.29247625,265215.399192,858.302262758,1081826.18994,1040.10873948,0.101053426936,0.0,0.0,0.0,0.0,198.511403742,28764.5299138,93.0890935721,2823.4585281,53.1362261372,4.56777136429,0.0,0.0,0.0,0.0,3274.15665603,3178.84941059,985443.317283,205.223533147,59.6287931226,18484.925868,4157.72478223,856.952244147,265655.195686,198.67775937,92.7888061735,28764.5299138,0.327394793518,-0.268781544995,13.4476396684,1.81042126208,1.07412989999,-0.881829215863,44.1195527178,2.91359059561
2194348,1,2,5,1,2012-07-12 18:11:10,2012-07-12 18:15:40,120182.0,120452.0,0.0752777777778,0.0752777777778,0.0747222222222,0.0,1.0,1.0,1.0,1.0,1.0,1.0,0.0,0.0,1.0,1.0,0.0,0.0,1.0,46.8138391875,23.6112339012,25.1082587775,28.5290232729,144.369045667,12.0153670633,1.20828176081,13.7562870379,32.5786079974,18.8223209594,8.69174094792,23.7867821086,25.1425589308,23.7867821086,141.266694511,11.8855666466,1.0,13.8881132426,32.7062491138,18.8181358713,8.58303572247,2.0,16.0,30.0,26.0,32.0,29.0,37.0,52.0,25.0,15.0,7.0,0.0,0.0,0.0,0.0,0.0,0.0,269.0,0.738007380074,5.90405904059,11.0701107011,9.59409594096,11.8081180812,10.7011070111,13.6531365314,19.1881918819,9.22509225092,5.53505535055,2.58302583026,0.0,0.0,0.0,0.0,0.0,0.0,0.950753655383,10.1410102938,16.0236628786,100.0,26.074373753,14.6133008144,5.10923184025,0.0,0.0,0.0,0.0,10.0489749637,5.04420167978,3.43116590771,0.0,0.0,8.56332421352,100.0,0.0168987070574,0.0609855846583,0.0908115489935,0.15220462893,0.180246440548,0.28480477928,0.463446236847,0.259736986763,0.178610603468,0.0896557021288,0.0,0.0,0.0,0.0,0.0,0.0,1.77740121867,13.0,13.0,7.31404922165,7.31404922165,5.86568573797,-7.24756122664,2.15181185862,-2.38716628066,1.84702919453,-1.43747568717,1.50192800246,2.16659117574,2.25578772459,4.69411732278,0.95988146436,-4.0390770834,3.22889763441,-0.549208772762,2.26901617005,3.48986831064,1.07882971339,1.20438049813,0.523985239852,0.472324723247,0.19335248703,0.19335248703,142.0,127.0,52.3985239852,46.8634686347,10.9230769231,9.76923076923,2.0,1.0,22.0,19.0,6.05692913386,5.17618579731,36.6863905325,26.7928994083,10.0,10.0,7.0,7.0,14.0,12.0,7.0,5.0,4.0,3.0,1.0,0.0,0.0,0.0,0.0,0.0,0.0,0.562619170896,0.0,0.0,0.0,0.0,0.0,0.0,0.0,0.0,0.0,0.0,0.0,1094.82071175,1036.21376337,1062.64971573,1063.09549926,14.3684319844,206.451837692,1062.20045287,1064.62553893,2.42508605617,1.30929368299,-56.9825900908,-56.9825900908,65.4234792721,4.22044459065,-61.2030346815,0.241415052665,0.147884933847,0.0527555573832,0.0370711779416,-0.000277470412357,-0.322121235166,-0.208734788382,0.0108923901084,-0.497365671386,0.0942450512601,-0.0651174801605,0.0833526611517,0.432248191226,0.0339963836112,0.183147839331,0.00627389300047,-0.0222667424318,-0.00568950539131,-0.00244623836227,0.0075787602038,5.74376062267e-05,-0.0124738753208,0.000239463024736,0.0127133383456,0.00405666815891,16.7146446513,818.24025362,5.76225530718,17.7373651263,4.21157513601,-24.3853839529,-818.24025362,-6.3925019814,33.0181419576,5.7461414843,0.442037963729,12.6151913136,0.15768989142,0.0189838418453,0.137781863267,-3.73589565769,-182.93996637,-0.962841928263,0.862077386864,0.928481225908,4567.11275948,280652.991926,1039.45552565,1232949.38581,1110.3825403,0.0518530266827,0.0,0.0,0.0,0.0,204.995532163,28051.4318637,103.894192088,2726.00208474,52.2111298933,3.65689125615,0.0,0.0,0.0,0.0,3272.49237282,3176.33111283,860785.731576,218.983448712,70.1314634343,19005.6265907,4582.81086911,1037.21757622,281085.963155,205.2302239,103.510818685,28051.4318637,0.258666883074,-0.318211631571,14.0082104165,1.31818242381,0.848644629509,-1.04400141592,45.9586955921,2.12140897466
2194348,1,2,5,2,2012-07-12 20:59:05,2012-07-12 21:02:56,130257.0,130488.0,0.0644444444444,0.0577777777778,0.0566666666667,0.00666666666667,0.896551724138,0.896103896104,25.0,1.0,1.11594202899,1.0,1.66408117037,2.76916614157,1.0,1.0,0.0,0.0,1.0,37.6994791741,15.9572036404,13.3251855104,22.5461957117,135.038537009,11.6206082891,1.41291646204,6.3976928058,26.4253158443,20.0276230385,7.76566222954,16.2700899863,13.5135909236,16.2700899863,132.595662457,11.5150189951,1.0,6.49278249498,26.6704793703,20.1776968754,7.76377754824,4.0,32.0,51.0,34.0,23.0,9.0,14.0,17.0,24.0,0.0,0.0,0.0,0.0,0.0,0.0,0.0,0.0,204.0,1.92307692308,15.3846153846,24.5192307692,16.3461538462,11.0576923077,4.32692307692,6.73076923077,8.17307692308,11.5384615385,0.0,0.0,0.0,0.0,0.0,0.0,0.0,0.0,2.96368222961,6.22428375199,11.7292378547,100.0,16.3913011932,26.5641954727,13.3568320923,0.0,0.0,0.0,0.0,0.0,0.0,11.1630567472,0.0,0.0,11.6074106584,100.0,0.0273243133876,0.102920231419,0.123146220708,0.107017049021,0.0573861388221,0.108140261374,0.151123169063,0.244914382094,0.0,0.0,0.0,0.0,0.0,0.0,0.0,0.0,0.921971765889,9.0,9.0,9.76168721536,9.76168721536,4.05828802667,-4.66834439462,1.05124869405,-1.35494276122,0.674404973562,-1.00053084986,1.03405601148,1.21471648946,1.06927183487,1.47553614977,0.259367865916,-1.88907016629,1.48669173684,-0.3711408938,1.22732387093,1.51792927249,0.46007946255,0.700104295771,0.557692307692,0.432692307692,0.268121301775,0.268121301775,116.0,88.0,50.0,37.9310344828,12.8888888889,9.77777777778,5.0,2.0,28.0,28.0,8.19816299809,7.50966455498,67.2098765432,56.3950617284,10.0,8.0,7.0,5.0,16.0,9.0,9.0,4.0,5.0,3.0,2.0,1.0,0.0,0.0,0.0,0.0,0.0,2.16926382564,13.0,0.0,26.0,13.0,13.0,13.0,169.0,6.5,19.5,13.0,13.0,1062.58775292,1037.83812166,1050.01603962,1044.31115333,10.879756622,118.369104154,1039.17909082,1062.56578422,23.3866933984,6.07911840639,24.7276134748,24.7276134748,30.4355825892,27.581598032,-2.8539845572,0.146324916294,0.954777897254,0.227947091174,0.0957691008286,-8.12246980786e-09,-0.0335762889082,-0.00090296617168,0.0416899194415,-0.0332770571624,0.344324511525,-6.1579663452e-05,0.302634592084,0.033215477499,0.0791182052606,0.000873972018553,0.0172682204525,-0.00489033753195,0.00312860480987,0.000839083006174,0.00488377113177,2.38512204675e-05,-1.74399476515e-05,0.00632066554325,0.0063381054909,0.00272381316946,10.9446881391,268.165784728,2.31177400628,7.76924690874,2.78733688469,-13.9370018852,-268.165784728,-2.97961983032,12.8990629783,3.59152655263,2.85389502863,82.4432422783,0.681349109738,0.615296906198,0.784408634704,-0.628073750273,-8.53075083012,-0.100361774472,0.0337075402188,0.183596133453,2393.20118723,106393.10448,516.47138097,580585.995232,761.961938178,0.0,0.0,0.0,0.0,0.0,165.26862374,14550.8104188,70.635002033,2566.58247159,50.6614495607,0.0,0.0,0.0,0.0,0.0,3176.14590185,3138.5682095,652822.187577,142.014756655,38.9368425606,8098.86325261,2393.39957063,511.951683335,106485.950134,165.273190281,69.9558193212,14550.8104188,0.215713814088,-0.165899823431,11.9753574428,1.50418407831,0.707722487166,-0.544290759287,39.2892304553,2.42074962133
2194348,1,2,5,1,2012-07-12 21:44:41,2012-07-12 21:47:01,132993.0,133133.0,0.0391666666667,0.0391666666667,0.0386111111111,0.0,1.0,1.0,1.0,1.0,1.0,1.0,0.0,0.0,1.0,1.0,0.0,0.0,1.0,39.0819198341,19.0242766348,15.2034962061,25.519091869,157.513991067,12.5504578031,1.34139617284,7.34866051265,34.4946421518,27.1459816391,8.83102639509,19.2980072339,15.3659221786,19.2980072339,154.497924347,12.4297193994,1.0,7.60085523028,34.5367554628,26.9359002325,8.93474695759,2.0,12.0,31.0,24.0,17.0,10.0,3.0,9.0,33.0,0.0,0.0,0.0,0.0,0.0,0.0,0.0,0.0,139.0,1.41843971631,8.51063829787,21.9858156028,17.0212765957,12.0567375887,7.09219858156,2.12765957447,6.3829787234,23.4042553191,0.0,0.0,0.0,0.0,0.0,0.0,0.0,0.0,1.64939627245,8.2712175739,3.09077974275,100.0,11.0287968868,45.6671292797,11.7874908041,0.0,0.0,0.0,0.0,0.0,0.0,7.9731779022,0.0,0.0,10.5320115381,100.0,0.0122899402957,0.0594095439776,0.0878306569729,0.0784758612337,0.0616302897329,0.023029940797,0.0821774958117,0.34027377271,0.0,0.0,0.0,0.0,0.0,0.0,0.0,0.0,0.745117501531,6.0,6.0,8.05242124587,8.05242124587,4.51578481868,-6.59909210499,1.36379306976,-1.44401619151,0.898060416059,-0.629826385801,1.21877633452,1.65919614507,1.48541575358,2.75293184781,0.396212880574,-2.02460608925,2.31864885901,-0.380689607751,1.92243597844,1.6439164815,0.604399538455,0.381289703175,0.510638297872,0.482269503546,0.362154821186,0.362154821186,72.0,67.0,51.0638297872,47.5177304965,12.0,11.1666666667,5.0,2.0,28.0,30.0,7.4161984871,9.44133935885,55.0,89.1388888889,10.0,8.5,8.5,4.25,10.75,13.5,2.25,9.25,1.5,6.0,1.0,0.0,0.0,0.0,0.0,0.0,0.0,1.34207020764,0.0,0.0,0.0,0.0,0.0,0.0,0.0,0.0,0.0,0.0,0.0,1062.59199215,1036.57384865,1050.30108804,1050.42155087,11.3377061105,128.543579848,1037.88038174,1062.5657349,24.6853531654,12.1441841121,-24.685353395,-24.685353395,27.351002336,1.33282447052,-26.0181778655,0.193978739972,0.0871144160217,0.0317339159648,0.0152809246405,-2.27373675443e-13,-0.285914042478,-0.163544777666,0.00181035371565,-0.458003470751,0.0704535740586,-0.0133880831154,0.0686432203429,0.444615387635,0.0152432988936,0.163541258234,0.00430301876283,-0.0173053735864,-0.00344248172834,-0.000200603900685,0.00568964605856,3.23720722717e-05,-0.00700824493583,1.39680911962e-05,0.00702221302702,0.00420342472889,12.1975157542,222.627864861,3.09205367863,10.8740628779,3.29758440042,-19.7109561418,-222.627864861,-3.27393918913,19.7127981718,4.43990970311,0.260390819186,3.983901535,0.0948547984523,0.00985068016394,0.0992505927637,-2.9648592683,-77.7700747764,-0.854616206334,0.818870129078,0.90491443191,2666.10526163,104574.072668,746.957661913,907432.73041,952.592636131,0.0439528988911,0.0,0.0,0.0,0.0,171.325932578,11759.6480778,83.99748627,2989.77675514,54.6788510773,3.46085324379,0.0,0.0,0.0,0.0,3176.1585732,3139.4202383,442658.2536,152.621090501,51.9033909631,7318.37812579,2666.47076411,742.343318099,104670.407852,171.333761494,83.401759417,11759.6480778,0.157109832046,-0.21864187544,13.2065744536,0.900788838257,0.515452204876,-0.717328987664,43.3286563439,1.44967911212
2194348,1,3,11,1,2012-07-13 15:26:42,2012-07-13 15:33:14,196714.0,197106.0,0.109166666667,0.109166666667,0.108611111111,0.0,1.0,1.0,1.0,1.0,1.0,1.0,0.0,0.0,1.0,1.0,0.0,0.0,1.0,52.9810263839,29.5544071451,33.6344485796,35.2248270868,216.127492024,14.7012751836,1.19186376888,17.4127969821,41.8021571629,24.3893601808,11.6293150283,29.7055805831,33.6786454635,29.7055805831,212.742308745,14.5856884906,1.0,17.5695308538,41.8145456124,24.2450147586,11.5869046429,2.0,27.0,30.0,25.0,39.0,25.0,25.0,37.0,46.0,74.0,54.0,9.0,0.0,0.0,0.0,0.0,0.0,391.0,0.508905852417,6.87022900763,7.63358778626,6.36132315522,9.92366412214,6.36132315522,6.36132315522,9.41475826972,11.7048346056,18.8295165394,13.7404580153,2.29007633588,0.0,0.0,0.0,0.0,0.0,0.864190655218,4.73091330548,5.89582370219,100.0,10.3701063384,14.8596622541,2.79202642857,0.0,0.0,0.0,0.0,26.7857799602,21.7607672227,1.9713483398,0.0,4.00441107063,5.96497072264,100.0,0.0278818680355,0.0636027176764,0.0900807153642,0.192451197569,0.152636110648,0.190220268447,0.334576559807,0.479425621557,0.864204649252,0.7020798436,0.12919656138,0.0,0.0,0.0,0.0,0.0,3.22635611334,16.0,16.0,4.95915498412,4.95915498412,6.80734281696,-8.63740262574,2.44532129041,-2.32366351477,2.0874905036,-1.21480206637,1.90754790968,2.28601217483,3.63873902771,5.22585166346,0.740590652344,-4.12074477463,4.02460382956,-0.47994042376,3.28401317722,3.64080435087,1.47179569442,0.957698846429,0.486005089059,0.511450381679,0.123665417063,0.123665417063,191.0,200.0,48.6005089059,50.8905852417,11.9375,12.5,1.0,1.0,24.0,32.0,7.03978648469,8.68907359849,49.55859375,75.5,11.5,9.5,5.75,5.25,17.0,20.25,11.25,15.0,5.5,6.5,1.0,0.0,0.0,0.0,0.0,0.0,0.0,0.309947186508,0.0,0.0,0.0,0.0,0.0,0.0,0.0,0.0,0.0,0.0,0.0,1136.68461145,1037.88038174,1082.51601557,1085.14097319,30.6047315107,936.649590844,1061.83871848,1096.06245547,34.2237369849,18.4004915941,96.9023999939,96.9023999939,115.78721705,106.344808522,-9.44240852797,0.294623961959,1.22804224396,0.329240893257,0.236667388706,-0.00687067973649,-0.136846500405,-0.0816940254688,0.0441028660945,-0.130859675088,0.484180533541,-0.0384937402162,0.440077667446,0.0923659348716,0.205527740089,0.045489579368,0.0194570589699,-0.0131805297791,0.00477943677393,0.00403021950936,0.00572269234001,3.27492076184e-05,0.000959233316592,0.00771707007948,0.00675783676289,0.00334319464332,21.4925529814,1551.20166231,8.12147467176,42.2759939352,6.50199922603,-26.6889300117,-1551.20166231,-7.7174212055,50.8410567916,7.13029149415,3.67070044778,317.871749267,0.984123062745,1.00838731405,1.00418490033,-2.67733387379,-28.2239909761,-0.40904334748,0.319114624997,0.564902314562,6639.27257025,766360.137615,1955.00035106,3087470.60449,1757.11997441,0.034492397526,0.0,0.0,0.0,0.0,232.222431661,50919.2340651,129.896005268,4098.81173649,64.0219629228,3.19223706948,0.0,0.0,0.0,0.0,3397.62637057,3235.71281252,1271635.13532,280.481039417,108.874474231,42787.6683728,6643.09189417,1952.34141627,767270.176596,232.266955583,129.565481082,50919.2340651,0.322654614395,-0.266870700104,17.1810957373,1.09304027555,1.05857813122,-0.875560039712,56.3684243351,1.75907780921
2194348,1,3,11,8,2012-07-13 15:40:33,2012-07-13 15:57:33,197545.0,198565.0,0.283611111111,0.22,0.215555555556,0.0636111111111,0.775710088149,0.775490196078,62.0,1.0,1.28950695322,1.0,3.32532384053,11.0577786444,1.0,1.0,0.0,0.0,1.0,42.0235857671,23.3008337419,25.63642075,27.679831321,130.547116026,11.4257216851,1.18793308547,14.5133551823,32.2809339302,17.767578748,8.37693446726,23.7812633036,25.9859002478,23.7812633036,121.813587234,11.0369192819,1.0,15.2196612271,32.3577195024,17.1380582753,8.15967286682,16.0,57.0,67.0,66.0,85.0,86.0,146.0,132.0,109.0,28.0,0.0,0.0,0.0,0.0,0.0,0.0,0.0,776.0,2.0202020202,7.19696969697,8.4595959596,8.33333333333,10.7323232323,10.8585858586,18.4343434343,16.6666666667,13.7626262626,3.53535353535,0.0,0.0,0.0,0.0,0.0,0.0,0.0,1.1259505716,10.5395004776,21.6337124782,100.0,23.0057131051,22.0922007717,4.53064512131,0.0,0.0,0.0,0.0,6.22619201349,0.0,2.73823062697,0.0,0.0,8.10785483408,100.0,0.0577182915553,0.140366724489,0.232249179174,0.415623510484,0.540274126372,1.10898378289,1.17931505159,1.13248673378,0.319166022894,0.0,0.0,0.0,0.0,0.0,0.0,0.0,5.12618342323,37.0,37.0,7.21784550907,7.21784550907,7.04807649777,-7.75085506493,1.94821473183,-1.96819642139,1.33516885712,-1.06960854389,1.67827536916,1.93097205043,2.81660821474,3.72865305956,0.600416795213,-3.32542724105,3.10245357199,-0.385136474436,2.50203677678,2.94029076661,0.950277959375,0.865050049678,0.497474747475,0.492424242424,0.0628124681155,0.0628124681155,394.0,382.0,38.5896180215,37.4142997062,10.6486486486,10.3243243243,1.0,2.0,25.0,33.0,6.4061466101,7.00985427637,41.0387143901,49.1380569759,11.0,10.0,5.0,4.0,16.0,14.0,11.0,10.0,6.0,5.0,8.0,3.0,3.0,1.0,0.0,0.0,0.0,1.5606152452,30.375,0.0,63.0,29.5,30.375,17.2332346064,296.984375,23.5,35.25,11.75,7.5,1209.99548308,1116.90998036,1161.50925318,1170.1410904,27.5169879986,757.184628517,1134.95314341,1177.39090701,42.4377636054,18.6388701229,67.766530542,67.766530542,164.019986537,115.893258539,-48.1267279975,0.207095942597,1.01554737788,0.25085120896,0.13554315708,-4.7725013701e-06,-0.149461888191,-0.0684812499906,0.0362632986223,-0.154258505143,0.372324198834,-0.0193113278285,0.336060900212,0.134947177315,0.118791384123,0.0594961484508,0.0189927166927,-0.020754235511,0.00232618307475,0.000789220433196,0.00714029962782,5.09838787751e-05,-0.0014403154826,0.0059744818603,0.0074147973429,0.00379286178697,15.9782246628,1913.62289649,4.85691090479,13.7410919707,3.70689789051,-21.975083723,-1913.62289649,-4.90672537561,21.0523002523,4.58827857179,3.03553907292,346.412705351,0.749811050544,0.651396268131,0.807091239037,-3.42013326118,-143.854010625,-0.446751585792,0.401759091746,0.633844690556,3308.83596752,749382.887967,955.845520366,788636.275877,888.051955618,0.0,0.0,0.0,0.0,0.0,184.114939821,80902.827964,103.192382607,2411.17463348,49.1037130315,0.0,0.0,0.0,0.0,0.0,3616.75747181,3471.82888596,2749688.47768,176.461101981,67.2953222435,53297.8952169,3315.03775052,947.326040053,750282.223722,184.229921445,102.150035308,80902.827964,0.247258844186,-0.222705657683,13.4786181593,1.36100930496,0.811216680401,-0.730661606571,44.2211881866,2.19033215887
2194348,1,3,11,3,2012-07-13 18:44:05,2012-07-13 18:54:53,208557.0,209205.0,0.180277777778,0.161944444444,0.160277777778,0.0183333333333,0.898305084746,0.898148148148,27.0,1.0,1.11340206186,1.0,1.43861537569,2.06961419917,1.0,1.0,0.0,0.0,1.0,41.7985105045,25.1009825943,28.2290918564,29.0643307082,128.02121959,11.3146462424,1.15789613411,16.9073656644,33.8539807161,16.9466150517,7.64226159152,25.3619980112,28.252827096,25.3619980112,122.73259029,11.078474186,1.0,17.4710350791,33.9979912738,16.5269561947,7.5617564189,6.0,42.0,39.0,31.0,53.0,53.0,139.0,82.0,117.0,21.0,0.0,0.0,0.0,0.0,0.0,0.0,0.0,577.0,1.02915951973,7.20411663808,6.68953687822,5.31732418525,9.09090909091,9.09090909091,23.8421955403,14.0651801029,20.0686106346,3.60205831904,0.0,0.0,0.0,0.0,0.0,0.0,0.0,1.22358252581,8.17365511092,26.2387891281,100.0,17.6676182266,29.7062627656,2.5926604246,0.0,0.0,0.0,0.0,5.81390204706,0.0,2.46285912307,0.0,0.0,6.12067064818,100.0,0.0501770446704,0.100997676601,0.106320607884,0.250998325041,0.335187736807,1.07600825152,0.724519066167,1.21820346593,0.238418264868,0.0,0.0,0.0,0.0,0.0,0.0,0.0,4.10083043948,29.0,29.0,7.07173837786,7.07173837786,5.39338442418,-6.26629084152,1.40226206166,-1.38798108439,0.751885022768,-0.67484148869,1.41808148286,1.47449645082,2.01095509203,2.17413978349,0.3367658437,-2.2919245966,2.20938516305,-0.261741330618,1.87261931935,2.03018326598,0.557529876612,0.561567849851,0.495711835334,0.499142367067,0.0850277590625,0.0850277590625,289.0,316.0,44.530046225,48.6902927581,9.96551724138,10.8965517241,1.0,1.0,37.0,46.0,8.03218851364,9.22644186503,64.5160523187,85.1272294887,8.0,8.0,4.0,6.0,14.0,14.0,10.0,8.0,5.0,5.0,3.0,2.0,0.0,0.0,0.0,0.0,0.0,0.731559142538,14.0,0.0,28.0,14.0,14.0,11.430952133,130.666666667,7.0,21.0,14.0,14.0,1202.54931227,1036.52891381,1110.42834268,1103.98715773,53.857424231,2900.62214479,1063.48255096,1158.57993414,95.0973831849,41.2594360687,-165.150575168,-165.150575168,179.614700751,7.23206279176,-172.382637959,0.305879531112,0.337477252228,0.0803562532417,0.0442907446317,-0.000335837925377,-0.352048773347,-0.362359467854,0.00408476557607,-0.487023923839,0.113118378962,-0.142568430528,0.109033613386,0.344455493311,0.0424769251832,0.164554011541,0.00962287835828,-0.024727485522,-0.00682093966124,-0.00804949146814,0.0056106741588,3.14796645162e-05,-0.0103505412098,-0.00324918422343,0.00710135698638,0.00297083741464,18.4480528317,1095.96250853,3.79225781497,14.1435846057,3.76079574102,-19.2404396101,-1095.33727512,-3.76404561897,13.4118384223,3.66221769182,1.00874209089,21.6171196542,0.24019021838,0.0805455251294,0.283805435342,-4.51368110133,-515.263240707,-1.06021242944,0.570606779441,0.755385186141,3260.115414,638961.781409,1101.65824381,833103.534537,912.745054512,0.0,0.0,0.0,0.0,0.0,183.206829956,64154.3837071,110.611006392,2401.19852535,49.002025727,0.0,0.0,0.0,0.0,0.0,3594.50036899,3319.14462612,1935061.31703,174.575938333,75.7492130734,44161.7912218,3262.0572245,1096.70579208,639379.476781,183.243199413,110.04182454,64154.3837071,0.136690027902,-0.211488896889,13.9170136364,0.705739989419,0.44845809679,-0.693861210265,45.6594935578,1.13577841753
2194348,1,3,11,1,2012-07-13 21:17:34,2012-07-13 21:19:23,217766.0,217875.0,0.0305555555556,0.0305555555556,0.03,0.0,1.0,1.0,1.0,1.0,1.0,1.0,0.0,0.0,1.0,1.0,0.0,0.0,1.0,46.0939727068,22.5241192534,15.5079980681,30.1539055017,215.737271314,14.6879975257,1.33873849461,10.5656434769,39.5715952554,29.0059517785,7.27957588318,22.9412325729,15.7382065335,22.9412325729,210.163312296,14.4970104606,1.0,10.7728974133,39.8193445733,29.04644716,7.34587079762,2.0,3.0,21.0,27.0,12.0,4.0,4.0,4.0,6.0,17.0,10.0,0.0,0.0,0.0,0.0,0.0,0.0,108.0,1.81818181818,2.72727272727,19.0909090909,24.5454545455,10.9090909091,3.63636363636,3.63636363636,3.63636363636,5.45454545455,15.4545454545,9.09090909091,0.0,0.0,0.0,0.0,0.0,0.0,0.502758894781,3.68130200722,4.52412448485,100.0,5.40439778331,9.2215270038,13.7790555958,0.0,0.0,0.0,0.0,29.1837754016,18.3873734588,7.01417686357,0.0,0.0,8.30150850631,100.0,0.00346017261998,0.0482741588204,0.0948325557175,0.0571340512047,0.0253360816556,0.0311366975987,0.037195063939,0.0634659587014,0.200853533653,0.126548703277,0.0,0.0,0.0,0.0,0.0,0.0,0.688236977187,5.0,5.0,7.26493949865,7.26493949865,5.5558740123,-6.32238220704,1.8519820969,-1.75276877028,1.6999806935,-1.16160256058,1.29268191491,1.58239586952,1.67102653313,2.50397668787,0.793353682292,-2.55215331334,2.66324479368,-0.61875018373,1.86989111138,1.93340312961,0.963264100174,0.81201420057,0.481818181818,0.509090909091,0.438016528926,0.438016528926,53.0,55.0,48.1818181818,50.0,10.6,11.0,3.0,4.0,31.0,25.0,10.4804580053,7.61577310586,109.84,58.0,5.0,7.0,4.0,6.0,10.0,13.0,6.0,7.0,2.0,3.0,1.0,0.0,0.0,0.0,0.0,0.0,0.0,1.45298789973,0.0,0.0,0.0,0.0,0.0,0.0,0.0,0.0,0.0,0.0,0.0,1062.58602073,1036.72649519,1049.16100378,1046.02318392,11.2482569095,126.523283503,1037.32896622,1062.46963133,25.1406651096,9.24438998722,25.1682130488,25.1682130488,26.5528818323,25.8605474406,-0.692334391732,0.241389834839,1.17528835069,0.364233062543,0.36407250308,-3.38636550623e-05,-0.0182193260982,-0.0019648993723,0.0341515719504,-0.0316715450321,0.558250089908,-0.00108540669379,0.524098517957,0.0305861383383,0.316902524931,0.00190316718579,0.0174988264512,-0.00277383479675,0.00378550176725,0.00183977182484,0.00533264658338,2.84371195833e-05,-8.62655067911e-05,0.00769715315092,0.00778341865771,0.00379815415856,14.8353252214,260.453050426,4.91420849861,16.4026737328,4.05002144843,-20.1869961261,-260.453050426,-4.65094732904,26.6196302722,5.15942150558,3.51301553051,77.2989068876,1.08871699842,1.02133735426,1.01061236598,-0.21274265433,-2.0694338279,-0.0544587849448,0.00432766107503,0.0657849608576,4370.7255628,134610.316228,1234.95702962,2492270.82289,1578.6927576,0.299603651355,0.0,0.0,0.0,0.0,202.014173324,10861.944095,99.650863257,4082.11147679,63.8914037785,6.56200226901,0.0,0.0,0.0,0.0,3176.14072421,3136.01245015,344961.369516,212.300518021,72.2511975807,7947.63173387,4374.63253562,1224.72861809,134720.14799,202.074354576,98.7449463183,10861.944095,0.271814286627,-0.203893746296,15.5905245072,1.11828069344,0.891779155601,-0.668942737191,51.1500147873,1.7996983243
2194348,1,3,11,1,2012-07-13 21:34:35,2012-07-13 21:36:41,218787.0,218913.0,0.0352777777778,0.0352777777778,0.0347222222222,0.0,1.0,1.0,1.0,1.0,1.0,1.0,0.0,0.0,1.0,1.0,0.0,0.0,1.0,42.9027527984,19.8065941421,14.2207585022,28.1096334977,222.806699379,14.9267109364,1.41920581075,5.59400992708,37.8978040171,32.30379409,10.8114770208,20.1234996484,14.2930057106,20.1234996484,219.994358725,14.8322068056,1.0,5.72784139628,37.9877223549,32.2598809586,10.8353416935,2.0,28.0,15.0,20.0,10.0,7.0,4.0,4.0,14.0,23.0,0.0,0.0,0.0,0.0,0.0,0.0,0.0,125.0,1.57480314961,22.0472440945,11.811023622,15.7480314961,7.87401574803,5.51181102362,3.14960629921,3.14960629921,11.0236220472,18.1102362205,0.0,0.0,0.0,0.0,0.0,0.0,0.0,3.77549360018,5.9720700802,4.34078491025,100.0,5.25378700215,21.1948065692,10.4385339293,0.0,0.0,0.0,0.0,37.8631196455,0.0,4.31447725058,0.0,0.0,6.84692701267,100.0,0.0263806056027,0.0301466602205,0.072937442311,0.0478417129625,0.0417288021386,0.0303304804219,0.0367099239203,0.148095028661,0.264561970442,0.0,0.0,0.0,0.0,0.0,0.0,0.0,0.698732626681,5.0,5.0,7.15581298064,7.15581298064,6.01237418,-5.22685640995,1.79682846862,-1.3919093771,1.22615097411,-0.777857487698,1.55732224365,1.39661176332,2.42525257055,1.95052441746,0.62393370465,-2.26331574679,2.48940533586,-0.369667696912,1.86547163121,1.89364804988,0.741190552976,0.588413065675,0.433070866142,0.55905511811,0.341000682001,0.341000682001,55.0,70.0,43.3070866142,55.1181102362,11.0,14.0,4.0,5.0,25.0,35.0,7.82304288624,10.8443533694,61.2,117.6,7.0,10.0,5.0,7.0,14.0,13.0,9.0,6.0,3.0,3.0,1.0,0.0,0.0,0.0,0.0,0.0,0.0,1.43116259613,0.0,0.0,0.0,0.0,0.0,0.0,0.0,0.0,0.0,0.0,0.0,1062.57930539,1036.32277215,1051.43909266,1056.53065854,11.3677711106,129.226220022,1037.46642683,1062.56695074,25.100523913,6.0458788664,-25.1000567552,-25.1000567552,27.4133931387,1.15666819175,-26.256724947,0.215853489281,0.121038575597,0.0226797684656,0.00129927579474,-2.50367768331e-05,-0.35008966596,-0.29361588457,0.000205265255204,-0.514338354802,0.0254206570137,-0.0201484238447,0.0252153917585,0.494189930957,0.00114363833472,0.271743599859,0.0037773076234,-0.0180579012862,-0.00348181263619,-0.000674091983031,0.00551781502387,3.04462826377e-05,-0.00679573355364,6.3980035457e-05,0.0068597135891,0.00193652299174,16.7888778877,237.477126937,4.3177659443,21.370507623,4.62282463684,-19.3529923972,-237.477126937,-3.34474826671,20.443527479,4.52145192156,0.36179240236,3.45735862937,0.0677913456739,0.0123046286358,0.110926230603,-3.39008197675,-78.4831079666,-1.04644143955,1.05152985796,1.02544129913,3524.5177352,125894.274396,999.160907909,1674444.1929,1294.00316572,0.0954451570165,0.0,0.0,0.0,0.0,188.031479331,11027.5893042,87.5205500331,4245.42045985,65.1568911156,4.48165726899,0.0,0.0,0.0,0.0,3176.12065163,3142.82181027,399138.369904,183.921750282,61.4630429082,7805.80644934,3527.48060579,992.14399278,126002.287083,188.084158778,86.8314118439,11027.5893042,0.183411776417,-0.250130915518,14.9636669493,0.819126828411,0.601744673283,-0.820639486608,49.093395503,1.31825684654
2194348,1,4,16,2,2012-07-14 07:47:24,2012-07-14 08:11:58,255556.0,257030.0,0.409722222222,0.404444444444,0.403333333333,0.00527777777778,0.987118644068,0.98710990502,20.0,1.0,1.01305841924,1.0,0.49793517984,0.247939443323,1.0,1.0,0.0,0.0,1.0,80.2808035179,61.9363737916,69.8628330406,66.6067456047,378.887092443,19.4650222821,1.07540596143,60.2336123876,73.8830360115,13.6494236239,4.77206053906,62.1069974109,69.8720599539,62.1069974109,369.333937858,19.2180628019,1.0,60.426227207,73.8911638932,13.4649366862,4.75431478757,4.0,24.0,23.0,30.0,26.0,27.0,28.0,22.0,24.0,42.0,37.0,26.0,47.0,77.0,303.0,465.0,251.0,1452.0,0.274725274725,1.64835164835,1.57967032967,2.06043956044,1.78571428571,1.8543956044,1.92307692308,1.51098901099,1.64835164835,2.88461538462,2.54120879121,1.78571428571,3.22802197802,5.28846153846,20.8104395604,31.9368131868,17.239010989,0.0986276442928,0.669712715677,0.850560818029,100.0,0.788201551016,0.989952442993,0.405907812198,5.3431036853,22.8165891466,37.4790895557,21.4077126875,1.95599957115,1.95969414794,0.190798456545,3.01628126486,1.52116832801,0.506600172193,100.0,0.0247060496232,0.0477946742948,0.101679185613,0.12690244285,0.167761845124,0.213063973377,0.197443087809,0.247981327716,0.489974416547,0.490899901469,0.381049962885,0.755573096587,1.33843797789,5.71551503365,9.38844532926,5.36259398438,25.0498222891,79.0,79.0,3.15371498801,3.15371498801,6.91461429244,-9.63607836993,0.962307424915,-1.0336911426,0.482668651364,-0.502857509226,1.31438607269,1.54999767586,1.72761074807,2.40249279518,0.234733113963,-0.999931910094,0.981816464311,-0.229275175719,0.747083350347,0.770656734375,0.322688674529,0.328145153745,0.51717032967,0.481456043956,0.0355199402246,0.0355199402246,753.0,699.0,51.0508474576,47.3898305085,9.53164556962,8.84810126582,1.0,1.0,49.0,25.0,9.1206199032,5.82680103649,83.1857074187,33.9516103189,6.0,7.0,3.0,4.0,12.0,12.0,9.0,8.0,3.0,3.0,2.0,1.0,0.0,0.0,0.0,0.0,0.0,0.0798408857724,10.5,0.0,21.0,10.5,10.5,10.5,110.25,5.25,15.75,10.5,10.5,1607.996782,1032.53214267,1343.64798909,1400.37021663,171.938098564,29562.7097378,1202.67444036,1502.97504028,300.300599925,139.621662754,541.039186541,541.039186541,1181.47360519,861.256395864,-320.217209323,0.811451651914,10.0868984162,0.89995443664,0.789550835269,-0.000248121069262,-0.644300219967,-0.480150984262,0.308256164061,-0.978491712329,1.19681943501,-0.180782198327,0.888563270953,0.797709514002,0.450333201803,0.342016202969,0.0923177349101,-0.0519113948709,0.00364606733416,0.00478286185658,0.0120312702439,0.000144751463681,-0.00263749424429,0.00999805752057,0.0126355517649,0.00600247295344,26.7539680404,4347.32793811,5.77334387531,27.642958311,5.25765711234,-42.5402294921,-4347.32793811,-6.20160904152,42.3606155593,6.50850332713,30.1504143813,2574.35300252,2.69002403607,7.64222554444,2.76445754976,-11.0068205451,-957.150667603,-1.92585647405,3.19994755165,1.78883972218,23069.9493826,19217374.8235,13216.9015292,43313216.0269,6581.27768955,0.0,0.0,0.0,0.0,0.0,351.732771169,395343.142424,271.900373057,7183.54386887,84.7557895891,0.0,0.0,0.0,0.0,0.0,4806.40998855,4016.2537563,5847665.46917,644.000485028,421.172984046,613227.864772,23112.3597876,13199.6921194,19218751.7259,351.948218022,271.526883533,395343.142424,0.135830622249,-0.0957152501181,30.8770116086,0.142471228151,0.445638524438,-0.314026411148,101.302531524,0.229285216197
2194348,1,4,16,5,2012-07-14 14:27:26,2012-07-14 14:43:12,279558.0,280504.0,0.263055555556,0.220833333333,0.218055555556,0.0422222222222,0.83949313622,0.83932346723,59.0,1.0,1.19143576826,1.0,2.93397147544,8.60818861867,1.0,1.0,0.0,0.0,1.0,72.4215752552,45.7479310353,57.0759667143,54.158178906,526.943221297,22.9552438736,1.18383886835,17.7115326443,63.1592627608,45.4477301164,8.36785692039,46.3307072268,57.181696651,46.3307072268,506.655440689,22.5090079899,1.0,19.9241068638,63.2459819167,43.3218750528,8.11503041443,10.0,29.0,53.0,59.0,56.0,14.0,17.0,13.0,4.0,5.0,6.0,76.0,168.0,140.0,115.0,30.0,0.0,785.0,1.25786163522,3.64779874214,6.66666666667,7.4213836478,7.04402515723,1.76100628931,2.13836477987,1.63522012579,0.503144654088,0.62893081761,0.754716981132,9.55974842767,21.1320754717,17.6100628931,14.465408805,3.77358490566,0.0,0.277076603116,0.852864727081,1.27805869596,100.0,1.1434496261,0.420680430376,2.03671633123,23.9828909162,21.2601278747,5.86090686614,0.0,0.582927835126,0.78240892154,1.14874791809,26.6985293491,11.1155951624,2.55901874294,100.0,0.0279921296056,0.116054189511,0.205762691156,0.258529170309,0.0861620927498,0.129118028222,0.115518920657,0.0424999476578,0.0588912644665,0.0790441765563,1.122971687,2.69726380868,2.42291187091,2.14784015758,0.592107968548,0.0,10.1026681036,40.0,40.0,3.95935010333,3.95935010333,7.4939148551,-6.60556696436,1.08939209947,-1.18737974862,0.604181896639,-0.746646498016,1.28676228154,1.29360119539,1.6557571692,1.67340405272,0.300618153293,-1.50469806298,1.19084185294,-0.339330497557,0.890223699651,1.16536756543,0.37888877748,0.475085156337,0.518238993711,0.475471698113,0.0651872948064,0.0651872948064,412.0,373.0,43.5058078141,39.3875395987,10.3,9.325,1.0,1.0,38.0,38.0,7.76595132614,7.21244584035,60.31,52.019375,7.5,8.5,5.0,4.0,14.5,12.0,9.5,8.0,4.0,3.5,5.0,2.0,2.0,0.0,0.0,0.0,0.0,0.494918762916,32.0,0.0,60.0,28.0,32.0,21.762352814,473.6,20.0,52.0,32.0,24.0,1591.99833642,1202.83726678,1398.60235941,1437.02119878,137.950866293,19030.441511,1240.37850614,1514.43546854,274.056962396,114.571492712,-366.30891782,-366.30891782,538.742646323,86.2168642515,-452.525782071,0.677663706067,1.16447061441,0.350475057933,0.251284068681,-0.00274379428561,-0.831848864102,-0.815562410497,0.14839679055,-1.16829139631,0.555440130929,-0.336588241515,0.407043340378,0.831703154798,0.126793167848,0.405414397746,0.0348791323917,-0.0340765130425,-0.00436169148333,-0.00710323671135,0.0122129997211,0.000149157362187,-0.0125765052203,0.00245698311622,0.0150334883365,0.00705254748021,20.9500768916,1994.08310744,4.84000754233,20.4191834336,4.51875905903,-22.4792424032,-1994.08310744,-5.27535213609,21.1652356153,4.60056905342,3.48068059283,257.70797688,1.04759340195,0.682791331577,0.826311885172,-9.94985078369,-1352.62984564,-2.48645192213,2.76955150224,1.66419695416,16946.0925554,5640629.16784,7140.03692132,27438375.0971,5238.16524149,0.0,0.0,0.0,0.0,0.0,317.361207799,159443.06945,201.82667019,9928.70179759,99.6428712833,0.0,0.0,0.0,0.0,0.0,4758.58956408,4180.51604675,3323510.25716,524.081352501,261.778293476,208113.743314,16967.3125,7095.79917059,5641160.34062,317.493637838,200.557320063,159443.06945,0.0951617747253,-0.162505658541,26.3412443389,0.137148151716,0.312210546999,-0.533155047706,86.4214053112,0.220718555075
2194348,1,4,16,6,2012-07-14 15:19:21,2012-07-14 15:51:46,282673.0,284618.0,0.540555555556,0.446111111111,0.442777777778,0.0944444444444,0.825282631038,0.825192802057,250.0,1.0,1.21183800623,1.0,6.29869071486,39.6735047214,1.0,1.0,0.0,0.0,1.0,75.7208333408,39.0473687321,33.5073282277,51.6524420742,653.586199326,25.5653319815,1.32281492329,15.997004952,68.2593927344,52.2623877824,24.5932194304,39.3413263386,33.7644345547,39.3413263386,646.941864998,25.4350518969,1.0,16.3435451789,68.2962984965,51.9527533175,24.6178946882,12.0,118.0,142.0,110.0,115.0,104.0,135.0,103.0,69.0,57.0,23.0,12.0,50.0,79.0,184.0,282.0,11.0,1594.0,0.747198007472,7.34744707347,8.84184308842,6.84931506849,7.16064757161,6.47571606476,8.40597758406,6.41344956413,4.29638854296,3.54919053549,1.43212951432,0.747198007472,3.11332503113,4.91905354919,11.4570361146,17.5591531756,0.684931506849,0.751326376473,3.76014886997,5.81915747864,100.0,5.37916384659,4.13456837168,2.14614745872,7.95559799679,20.0017454769,32.5901599665,1.3215451749,3.84647067613,1.73975160695,1.75756255089,4.57060018553,1.01829022575,3.20776373759,100.0,0.130999894579,0.306445395892,0.374198350607,0.559299825773,0.655612688431,1.01461766832,0.937901182352,0.720895788809,0.670663600872,0.303339912242,0.177547223684,0.796921499387,1.3871235345,3.48746780483,5.68236076041,0.230422202673,17.4358173334,79.0,79.0,4.53090316844,4.53090316844,6.15653674842,-7.85081547604,1.21986131305,-1.44406223725,0.64515894881,-0.747192904043,1.37412878455,1.62055276185,1.88822991654,2.62619125395,0.232385630493,-2.21800658743,1.72447959133,-0.285694345684,1.49209396084,1.93231224174,0.494454997991,0.601944174206,0.539850560399,0.456413449564,0.0336146052552,0.0336146052552,867.0,741.0,44.5529290853,38.0781089414,10.9746835443,9.37974683544,1.0,1.0,36.0,43.0,8.3529342734,7.63122134238,69.7715109758,58.2355391764,9.0,7.0,5.0,5.0,16.0,12.0,11.0,7.0,5.0,3.0,6.0,4.0,0.0,1.0,0.0,0.0,0.0,0.344119227983,56.0,0.0,251.0,21.0,56.0,87.6165889924,7676.66666667,16.75,26.0,9.25,5.5,1541.0147083,1033.32877373,1228.41629282,1202.79967245,161.8256348,26187.5360786,1073.98882235,1355.4742427,281.485420345,132.215607504,-154.510220944,-154.510220944,928.643723688,387.066751372,-541.576972316,0.577779970095,2.39149897432,0.680257911023,0.627562118043,-0.00284458549527,-0.524585723182,-0.406183671497,0.163236231855,-0.681411013086,1.11384367337,-0.167826782635,0.950607441511,0.513584230451,0.471688293773,0.248861865522,0.04596192914,-0.0635210461039,-0.00273995752701,-0.00675310099762,0.0111945923669,0.000125318898262,-0.00973365982651,0.00600647740673,0.0157401372332,0.00508253636271,18.6386433869,3659.81737082,4.22124264224,15.5654905707,3.94531248074,-31.7307992762,-3660.32033851,-4.99361574148,29.8958223142,5.46770722645,7.14835047336,1156.96842236,2.03333641891,2.78833503923,1.6698308415,-18.9642368836,-1618.80981258,-1.57013560871,3.74260113879,1.93458035211,19377.9446456,9884801.40348,6178.00087718,49287468.2669,7020.50341976,0.0,0.0,0.0,0.0,0.0,331.868908897,274918.75883,171.824224269,12489.2660546,111.755384902,0.0,0.0,0.0,0.0,0.0,4606.19608782,3671.81850487,5896940.51882,572.919419275,217.659243823,349560.74558,19393.4606089,6155.76079908,9886151.84332,331.957469204,171.182290679,274918.75883,0.139697163343,-0.156156095539,26.5432685745,0.198279942661,0.458324026715,-0.512323148092,87.0842144833,0.319100636042
2194348,1,4,16,3,2012-07-14 16:29:19,2012-07-14 16:35:41,286871.0,287253.0,0.106388888889,0.0894444444444,0.0877777777778,0.0169444444444,0.840731070496,0.840314136126,33.0,1.0,1.19003115265,1.0,2.40288514257,5.77385700838,1.0,1.0,0.0,0.0,1.0,43.0156253534,15.9232506477,11.9311287492,23.2603434805,144.128032381,12.0053334973,1.46077858065,7.40198994568,20.7529293105,13.3509393648,5.52116815253,16.2255908499,12.0957027327,16.2255908499,141.958992173,11.9146545134,1.0,7.6503902872,21.1017434218,13.4513531346,5.3651971702,6.0,41.0,95.0,58.0,36.0,14.0,11.0,18.0,19.0,24.0,0.0,0.0,0.0,0.0,0.0,0.0,0.0,316.0,1.86335403727,12.7329192547,29.5031055901,18.0124223602,11.1801242236,4.34782608696,3.41614906832,5.5900621118,5.90062111801,7.45341614907,0.0,0.0,0.0,0.0,0.0,0.0,0.0,2.87526347559,5.87765751733,5.99401427316,100.0,11.298750535,13.5923969397,14.2850950792,0.0,0.0,0.0,0.0,19.594744322,0.0,14.7673930865,0.0,0.0,11.7146847715,100.0,0.0409508338945,0.210324050813,0.203454939251,0.166845965344,0.0837123201836,0.0853695269825,0.160922037337,0.193589211574,0.279077422555,0.0,0.0,0.0,0.0,0.0,0.0,0.0,1.42424630793,18.0,18.0,12.6382634097,12.6382634097,6.2028883156,-6.79061913095,1.37593824461,-1.67214717227,1.00276806868,-1.04543666587,1.36137999702,1.66986967802,1.85335549628,2.78846474157,0.292901122986,-2.43063813982,1.97263962149,-0.354499154526,1.67973849851,2.07613898529,0.770109250719,0.82527294282,0.54347826087,0.447204968944,0.168782068593,0.168782068593,175.0,141.0,45.6919060052,36.8146214099,9.72222222222,7.83333333333,2.0,1.0,26.0,39.0,7.05380555725,8.32165848855,49.7561728395,69.25,7.0,6.0,5.25,4.25,13.0,7.0,7.75,2.75,3.0,1.5,3.0,0.0,2.0,0.0,0.0,0.0,0.0,2.10637723495,21.6666666667,0.0,34.0,31.0,21.6666666667,15.3695225112,236.222222222,15.5,32.5,17.0,3.0,1057.68694118,999.544193788,1024.45061207,1012.4961536,21.668340574,469.516983233,1003.44599368,1046.98015283,43.534159147,12.6778834243,-55.0354595576,-55.0354595576,66.9362933469,5.95041689465,-60.9858764522,0.207876687413,0.361238841294,0.110192905457,0.0941124271072,-0.00316672405324,-0.230135382839,-0.131718511063,0.040646328497,-0.275611331738,0.129684822264,-0.060648341988,0.0890384937669,0.21496298975,0.0384840217312,0.0892743782604,0.00927329054888,-0.0198975989857,-0.00653775697566,-0.00616023440485,0.00752547936736,5.66328397086e-05,-0.011715790407,-0.0029191909647,0.00879659944232,0.00470617134713,14.499258033,504.265086211,2.88151477835,11.8779149649,3.44643510964,-18.0898832581,-504.265086211,-3.50184087647,15.205675174,3.89944549571,1.07976707073,17.7861943,0.329373968519,0.074522231464,0.272987603132,-3.2226787055,-182.290865891,-0.687890059964,0.581455609599,0.762532366263,3548.25241298,180798.777176,566.76732657,969524.497877,984.64435096,0.0,0.0,0.0,0.0,0.0,188.452590309,22477.8445319,70.4634624824,2739.58791344,52.3410729107,0.0,0.0,0.0,0.0,0.0,3161.49704759,3062.15143573,986012.762304,184.890780232,39.7369269133,12795.2904661,3555.39519029,562.156877645,181014.514602,188.578988088,69.8069705959,22477.8445319,0.181305246692,-0.253075461819,12.5601766788,1.14926154481,0.594833486522,-0.830300071585,41.2079287363,1.84955717158
2194348,1,4,16,11,2012-07-14 16:46:44,2012-07-14 17:30:32,287916.0,290544.0,0.730277777778,0.5225,0.516388888889,0.207777777778,0.715481171548,0.715372907154,224.0,1.0,1.39787234043,1.0,7.63197331951,58.2470167497,1.0,1.0,0.0,0.0,1.0,48.538689503,22.3837321852,23.2186006391,28.1011900515,164.431689246,12.8230920314,1.25542915806,10.7911456808,33.8469480216,23.0558023408,11.6069200632,22.6486284241,23.4942701637,22.6486284241,160.378089911,12.6640471379,1.0,11.2274549007,34.0266737935,22.7992188929,11.5087060967,22.0,195.0,225.0,209.0,152.0,215.0,241.0,194.0,292.0,102.0,34.0,0.0,0.0,0.0,0.0,0.0,0.0,1859.0,1.16959064327,10.3668261563,11.961722488,11.1111111111,8.08080808081,11.4300903775,12.812333865,10.3136629452,15.5236576289,5.42264752791,1.80754917597,0.0,0.0,0.0,0.0,0.0,0.0,1.61723363894,11.4295176667,15.6577320565,100.0,14.8988116362,25.6075508617,6.65078669093,0.0,0.0,0.0,0.0,10.1810318742,3.73186809641,3.93557753091,0.0,0.0,6.28988994758,100.0,0.189965994335,0.462286883565,0.781224973581,0.738832763171,1.34255164872,1.83921269477,1.75006721276,3.0079536715,1.19590008319,0.43835845149,0.0,0.0,0.0,0.0,0.0,0.0,11.7463543771,83.0,83.0,7.06602213211,7.06602213211,7.0728488657,-7.1314734986,1.71976743844,-1.75575547612,1.14343280174,-1.1515082004,1.57348753206,1.60022335841,2.47586301354,2.56071479681,0.438527130915,-2.93303403932,2.83688391885,-0.409543687126,2.39835678794,2.52349035219,0.874544111458,0.930028996478,0.501329080276,0.491759702286,0.0266522637042,0.0266522637042,943.0,928.0,35.8691517687,35.2985926208,11.3614457831,11.1807228916,1.0,1.0,31.0,40.0,6.85051807601,7.59699461552,46.9295979097,57.7143271883,10.0,10.0,6.0,4.5,16.0,15.5,10.0,11.0,5.0,6.0,11.0,4.0,3.0,3.0,0.0,0.0,0.0,0.936460764496,68.5454545455,0.0,225.0,35.0,68.5454545455,74.4059670583,5536.24793388,20.5,81.5,61.0,15.0,1213.10217056,999.377622738,1094.67553173,1098.24097649,61.404122565,3770.46626798,1036.79393927,1135.34514785,98.5512085775,52.4015457336,34.6170511854,34.6170511854,480.044093891,257.330572538,-222.713521353,0.255005474221,2.02168225824,0.250196470941,0.170220084879,-0.0018753485183,-0.264191603028,-0.173749853168,0.0646506369233,-0.409832676956,0.366926237109,-0.0425770069888,0.302275600186,0.367255669967,0.130276353097,0.15131953338,0.0415972543854,-0.0482523151912,0.000727101974871,0.00137496765707,0.00921939177157,8.49971846378e-05,-0.00573060003512,0.00657222588715,0.0123028259223,0.00608847114347,22.2320597641,4172.2714382,4.42446600021,17.6649977267,4.2029748663,-22.0135917462,-4176.42863648,-4.51505798539,18.8280650058,4.33913182628,6.04294356085,769.178301879,0.748956477,0.675516149278,0.821897894679,-5.57294666064,-665.705619313,-0.789686381154,0.786449776317,0.886820036037,5097.39738657,1862714.75336,996.104146183,1234334.93002,1111.00626912,0.0,0.0,0.0,0.0,0.0,212.640882052,184581.578874,98.7067266705,3109.48706949,55.7627749443,0.0,0.0,0.0,0.0,0.0,3626.04356859,3272.05842002,6154741.88806,235.417566692,66.4946628607,125076.460841,5108.26357182,991.250213956,1864541.65245,212.791906996,98.1294943507,184581.578874,0.22613249781,-0.220658889398,14.0435154923,1.14659832894,0.741904520373,-0.723946487525,46.0745258933,1.84527114109
2194348,1,4,16,9,2012-07-14 18:13:58,2012-07-14 18:40:28,293150.0,294740.0,0.441944444444,0.398611111111,0.393611111111,0.0433333333333,0.901948460088,0.901886792453,30.0,1.0,1.10878661088,1.0,1.5364082825,2.36055041053,1.0,1.0,0.0,0.0,1.0,40.1782735982,20.5597087586,20.4202376243,24.8140216098,108.078997341,10.396104912,1.20692476247,12.997693093,29.7049101477,16.7072170547,8.4385421183,20.820876548,20.6485116637,20.820876548,104.014171024,10.1987337952,1.0,13.359002776,29.8380949509,16.4790921749,8.28965812128,18.0,102.0,146.0,210.0,231.0,192.0,190.0,231.0,111.0,4.0,0.0,0.0,0.0,0.0,0.0,0.0,0.0,1417.0,1.2543554007,7.10801393728,10.1742160279,14.6341463415,16.0975609756,13.3797909408,13.2404181185,16.0975609756,7.73519163763,0.278745644599,0.0,0.0,0.0,0.0,0.0,0.0,0.0,1.26567951365,14.7563565289,17.6852804765,100.0,25.5705869337,13.8327519472,9.22777874878,0.0,0.0,0.0,0.0,0.543687950292,0.0,3.72524706039,0.0,0.0,13.3926308405,100.0,0.103726592032,0.305296228536,0.756246768093,1.0975700724,1.20933187039,1.44936680509,2.09559356085,1.13363944224,0.0445570127387,0.0,0.0,0.0,0.0,0.0,0.0,0.0,8.19532835237,62.0,62.0,7.56528565229,7.56528565229,6.50757925562,-7.73808714596,1.65102099567,-1.73654150768,1.18577453844,-1.13470264539,1.42701028961,1.67623632273,2.03635836664,2.80976820963,0.493090448227,-2.86266173616,2.60217962991,-0.329836512711,2.10908918168,2.53282522345,0.869852035293,0.943730072024,0.509407665505,0.484320557491,0.0354987920213,0.0354987920213,731.0,686.0,45.9459459459,43.1175361408,11.7903225806,11.064516129,1.0,1.0,32.0,34.0,7.44904647887,7.28868094563,55.4882934443,53.1248699272,11.0,10.5,6.0,5.25,16.0,14.0,10.0,8.75,5.0,4.5,9.0,7.0,1.0,0.0,0.0,0.0,0.0,1.09818662695,19.1111111111,0.0,31.0,17.0,19.1111111111,9.25496196576,85.6543209877,15.0,29.0,14.0,2.0,1208.48426639,1036.57489837,1120.93817718,1112.83227263,49.9814129073,2498.14163621,1079.76248477,1166.02669222,86.2642074465,40.3321977584,53.3071243316,53.3071243316,369.00499972,211.156062026,-157.848937694,0.257146341269,1.84966475761,0.292459919704,0.246012923055,-8.0180658415e-05,-0.224217241043,-0.174994729873,0.10524892862,-0.31088331147,0.421174647289,-0.0587997723468,0.315925718669,0.252083539124,0.159533884275,0.123299536933,0.0425382827782,-0.0468775136346,0.00124957918691,1.43335061975e-05,0.0100137569872,0.000100275328999,-0.00658770405305,0.00845511394263,0.0150428179957,0.00760770091719,16.243774471,2804.1221182,3.83600836963,10.3977165187,3.22454904114,-20.3061880678,-2804.1221182,-4.03470808374,14.7727777793,3.84353714425,5.52877174005,631.15959996,0.874182271412,0.647554661708,0.804707811388,-6.26808914196,-471.82103802,-0.670200338096,0.5430360034,0.736909766118,2893.57018399,978198.770817,685.973892579,517784.446304,719.572405185,0.0,0.0,0.0,0.0,0.0,176.065928757,129340.912149,90.7019019274,2026.90480583,45.0211595345,0.0,0.0,0.0,0.0,0.0,3612.24034399,3350.55922476,4808052.48753,161.30406675,53.0368633906,76107.8989655,2897.22999685,682.496810216,979382.92266,176.140137822,90.1330398247,129340.912149,0.22445912979,-0.212378052871,12.1792608559,1.5131967862,0.736414467816,-0.696778388685,39.9582049077,2.4352541687
2194348,1,4,16,2,2012-07-14 19:22:14,2012-07-14 19:26:05,297246.0,297477.0,0.0644444444444,0.0486111111111,0.0475,0.0158333333333,0.754310344828,0.753246753247,58.0,1.0,1.3275862069,1.0,4.30872383313,18.5651010702,1.0,1.0,0.0,0.0,1.0,41.7153270543,23.1927336336,25.7349695618,29.7511054403,205.470057977,14.3342268008,1.28277700724,7.4579235439,36.1572913378,28.6993677939,12.7732880007,23.7352537186,27.6883925744,23.7352537186,197.399523258,14.0498940657,1.0,8.00959776935,36.2099700082,28.2003722388,12.606026346,4.0,15.0,36.0,10.0,15.0,6.0,8.0,24.0,31.0,26.0,0.0,0.0,0.0,0.0,0.0,0.0,0.0,171.0,2.28571428571,8.57142857143,20.5714285714,5.71428571429,8.57142857143,3.42857142857,4.57142857143,13.7142857143,17.7142857143,14.8571428571,0.0,0.0,0.0,0.0,0.0,0.0,0.0,1.39637956929,3.41725538424,5.34927250576,100.0,19.6845340675,28.0531283195,3.37125340668,0.0,0.0,0.0,0.0,26.3768184178,0.0,6.16020404387,0.0,0.0,6.19115428541,100.0,0.0157431260982,0.0694516528213,0.0380083386047,0.0698005934432,0.0385269761939,0.0603090115637,0.221928269951,0.316277856175,0.297378726782,0.0,0.0,0.0,0.0,0.0,0.0,0.0,1.12742455163,7.0,7.0,6.20884119461,6.20884119461,6.7944107355,-6.37481797109,1.66459710015,-1.39896990332,0.811686386855,-0.620496113294,1.78708492947,1.61342956152,3.19367254514,2.60315494999,0.253992766257,-2.0561711482,2.23159284875,-0.359546072985,1.97760008249,1.69662507522,0.686954893328,0.408080384958,0.451428571429,0.537142857143,0.257959183673,0.257959183673,79.0,92.0,34.0517241379,39.6551724138,11.2857142857,13.1428571429,4.0,5.0,25.0,30.0,7.97700777618,7.62380803664,63.6326530612,58.1224489796,6.0,13.0,5.0,8.5,17.0,13.5,12.0,5.0,2.0,2.0,2.0,0.0,1.0,0.0,0.0,0.0,0.0,1.77395462703,29.5,0.0,59.0,29.5,29.5,29.5,870.25,14.75,44.25,29.5,29.5,1090.86369323,1036.36144114,1063.68053542,1062.97581726,20.1784869327,407.171334894,1042.66738829,1088.82459367,46.1572053795,22.4832301726,-53.2074303877,-53.2074303877,57.462917332,2.12774347215,-55.3351738599,0.328359527612,0.137003297951,0.0472831882701,0.0373722570835,-0.000403454773959,-0.43230604578,-0.301943649886,0.0102981307125,-0.754899254583,0.0764157617534,-0.056494806146,0.0661176310409,0.698404448437,0.0286143563926,0.262554222809,0.00512029979093,-0.0274916350994,-0.00626263455226,-0.00345049841443,0.00855967824549,7.32680916664e-05,-0.0102724729866,0.000996732029208,0.0112692050158,0.00466294291509,15.9850107173,337.512073821,4.27230473191,22.199800688,4.7116664449,-20.0463695915,-337.512073821,-3.59055397682,20.9102443782,4.57277206716,0.409512025835,6.35996762686,0.14133261393,0.0127338658483,0.112844432066,-4.47994792833,-165.400537697,-1.29219170076,1.76630980618,1.3290258862,3238.88322649,205694.86257,1188.98764491,1393661.21782,1180.53429337,0.0,0.0,0.0,0.0,0.0,182.808232447,17793.3224414,102.851574806,3862.09723163,62.1457740448,0.0,0.0,0.0,0.0,0.0,3260.66457965,3179.41230188,556397.152828,173.881780637,74.2795951238,12998.9291467,3242.620442,1176.30103469,205852.68107,182.878526094,101.676128237,17793.3224414,0.151505059518,-0.239159021368,15.0576963021,0.668205535555,0.497063843562,-0.784642458558,49.4018907548,1.07537256941
2194348,1,4,16,8,2012-07-14 22:33:21,2012-07-14 23:05:07,308713.0,310619.0,0.529722222222,0.444722222222,0.440277777778,0.085,0.839538542213,0.839454354669,183.0,1.0,1.19125,1.0,4.79749136919,23.0159234375,1.0,1.0,0.0,0.0,1.0,38.1845232932,19.695299024,20.7845975432,23.5164970283,94.4196016513,9.71697492285,1.19401573947,12.0621278235,28.2049105952,16.1427827718,7.89538697396,19.8941159227,20.9223210045,19.8941159227,91.4174468473,9.5612471387,1.0,12.3459821548,28.2876481116,15.9416659568,7.78452420387,16.0,141.0,172.0,213.0,224.0,249.0,308.0,253.0,25.0,0.0,0.0,0.0,0.0,0.0,0.0,0.0,0.0,1585.0,0.999375390381,8.80699562773,10.7432854466,13.3041848844,13.9912554653,15.5527795128,19.2379762648,15.8026233604,1.56152404747,0.0,0.0,0.0,0.0,0.0,0.0,0.0,0.0,1.63319325428,17.8096045841,26.8627657913,100.0,25.8654262947,2.85673196516,8.65086236783,0.0,0.0,0.0,0.0,0.0,0.0,4.06346263026,0.0,0.0,12.2579531124,100.0,0.143050370669,0.35591613787,0.75772359767,1.0736664089,1.55993207206,2.35289277222,2.26553643255,0.250219357352,0.0,0.0,0.0,0.0,0.0,0.0,0.0,0.0,8.75893714929,74.0,74.0,8.44851364255,8.44851364255,7.48971324318,-7.40917792746,1.36325613514,-1.36496876848,0.857410898239,-0.787897101042,1.33840509871,1.40113693468,1.79132820825,1.96318470973,0.339404839042,-2.07790094259,2.12677648435,-0.286921778726,1.78737164531,1.79097916386,0.636319716741,0.635500870771,0.497813866334,0.497189256715,0.0310939329378,0.0310939329378,797.0,788.0,41.7933927635,41.3214472994,10.7702702703,10.6486486486,1.0,1.0,38.0,32.0,7.07211367406,7.39143483937,50.0147918188,54.6333089847,10.0,8.0,6.0,5.0,15.75,15.0,9.75,10.0,5.0,5.0,8.0,5.0,1.0,1.0,0.0,0.0,0.0,0.913352826221,40.0,0.0,184.0,16.0,40.0,56.2761050536,3167.0,15.5,28.5,13.0,3.0,1202.68545157,1032.26910334,1109.82135495,1103.17495579,55.8076921934,3114.49850795,1061.70932316,1162.11728371,100.407960549,46.2361981992,-0.0213563120353,-0.0213563120353,427.273533154,213.626088421,-213.647444733,0.266879158747,1.80013054695,0.269050489195,0.244469823516,-0.00040375680328,-0.267393547851,-0.253708444302,0.0979945024134,-0.376561963503,0.372165836593,-0.124142550457,0.27417133418,0.252419413046,0.138832445242,0.127552661048,0.0447100874062,-0.0402784721731,-0.000223890914332,0.0,0.0104469198875,0.000109138135135,-0.00814901911282,0.00837761915399,0.0165266382668,0.00827368568288,12.7998180798,2409.83465578,3.0236319395,7.90025304046,2.81073887803,-19.4876353212,-2409.83465578,-3.02743047209,10.1767992002,3.19010959063,5.38071066957,638.542674148,0.804209917063,0.453319242124,0.67328986486,-3.76850490156,-638.606509594,-0.799257208503,0.363022229878,0.602513261164,2484.14796448,929184.253843,583.29206142,321702.734015,567.188446651,0.0,0.0,0.0,0.0,0.0,167.33616313,138235.940237,86.7771125154,1777.80030802,42.1639693106,0.0,0.0,0.0,0.0,0.0,3594.90729845,3317.3302992,5311045.80901,145.692608631,48.1950028952,77160.1996352,2486.97418325,580.934340279,930075.878787,167.399606633,86.3434979619,138235.940237,0.177321806433,-0.177326335008,11.4819531636,1.34502576904,0.581764456801,-0.581779314332,37.6704500117,2.16460915125
2194348,1,5,24,2,2012-07-15 14:30:14,2012-07-15 14:36:20,366126.0,366492.0,0.101944444444,0.0894444444444,0.0883333333333,0.0125,0.877384196185,0.877049180328,46.0,1.0,1.14018691589,1.0,2.50773978785,6.28875884357,1.0,1.0,0.0,0.0,1.0,48.8308034784,26.0721631811,27.5870799344,32.197036432,206.720259638,14.3777696336,1.23492002594,12.3114208757,39.7768230988,27.465402223,12.7279758486,26.4001149193,27.8892108988,26.4001149193,200.662550902,14.1655409675,1.0,12.8825518421,39.8317707725,26.9492189304,12.4953500424,4.0,27.0,32.0,31.0,25.0,32.0,22.0,36.0,38.0,50.0,25.0,0.0,0.0,0.0,0.0,0.0,0.0,318.0,1.24223602484,8.3850931677,9.93788819876,9.62732919255,7.76397515528,9.93788819876,6.83229813665,11.1801242236,11.801242236,15.5279503106,7.76397515528,0.0,0.0,0.0,0.0,0.0,0.0,1.29534029416,8.63186328392,7.17052605161,100.0,13.9801195535,17.1904091756,4.60198451177,0.0,0.0,0.0,0.0,24.8986390605,14.0268725963,2.91064000137,0.0,0.0,5.29360547121,100.0,0.0302074671524,0.067876420297,0.107318745971,0.123447416953,0.201295928019,0.167217395418,0.326017807137,0.400882087008,0.580638790403,0.327108092843,0.0,0.0,0.0,0.0,0.0,0.0,2.3320101512,12.0,12.0,5.14577519906,5.14577519906,7.59207508142,-9.25418840055,2.67921482884,-3.23353513825,2.21038946153,-2.92187546545,1.99629064451,2.31608429323,3.98517633736,5.36424645336,0.88671121968,-4.8398921847,4.25027625862,-1.2164389213,3.36356503894,3.62345326339,1.50822237905,1.82449467289,0.54347826087,0.450310559006,0.168782068593,0.168782068593,175.0,143.0,47.6839237057,38.9645776567,14.5833333333,11.9166666667,4.0,5.0,25.0,21.0,7.4437706992,4.71625439894,55.4097222222,22.2430555556,13.5,12.5,7.5,7.75,21.25,15.25,13.75,7.5,7.5,3.5,2.0,0.0,1.0,0.0,0.0,0.0,0.0,0.857629199843,23.5,0.0,47.0,23.5,23.5,23.5,552.25,11.75,35.25,23.5,23.5,1108.37587126,1032.53255923,1066.09771604,1063.54527036,22.9539628342,526.884409793,1048.91722706,1082.8204857,33.9032586353,17.0703264312,71.0290008204,71.0290008204,118.735156693,94.8820787567,-23.8530779363,0.368742722649,1.68618703799,0.3635328688,0.238337224258,-0.00088197881314,-0.404289456548,-0.298835286499,0.0785493637986,-0.518885246446,0.599209507877,-0.0611216903706,0.520660144079,0.457763556075,0.178059785521,0.233942786667,0.0251822550713,-0.0382657667448,0.00435446038123,0.0055222905712,0.0107947700359,0.000116527060129,0.00234516983804,0.0101091779431,0.00776400810508,0.00447026038432,21.4537490412,1447.32516543,8.27042951673,37.4074759903,6.11616513759,-35.9000554461,-1447.32516543,-9.98155286502,68.6129242686,8.28329187392,5.04012589617,283.608882913,1.08662407246,1.08430797711,1.0413010982,-4.83390531971,-71.2984461996,-1.20844824067,1.63645231905,1.27923896089,5181.39436354,479142.815322,1497.32129788,2290124.87622,1513.31585474,0.0,0.0,0.0,0.0,0.0,213.802440978,36804.4216323,115.013817601,3886.00787421,62.3378526596,0.0,0.0,0.0,0.0,0.0,3313.0096517,3186.63741652,1026097.24812,238.259657938,88.5789875487,28522.4339907,5201.04688494,1490.9286306,480079.019054,214.072524386,114.299446063,36804.4216323,0.419967476601,-0.363396715485,15.979302823,1.64475041457,1.37784605184,-1.19224644188,52.4255341961,2.64696921118
2194348,1,5,24,4,2012-07-15 15:45:53,2012-07-15 15:58:49,370665.0,371441.0,0.215833333333,0.189722222222,0.1875,0.0261111111111,0.879021879022,0.878865979381,47.0,1.0,1.13782991202,1.0,2.06529910506,4.26546039336,1.0,1.0,0.0,0.0,1.0,40.1351933988,21.2517751718,23.2887645625,26.8468988694,157.381897846,12.5451942132,1.26327794513,7.996986391,33.0135039714,25.0165175804,11.1197171897,21.5036480627,24.0402523743,21.5036480627,153.83097878,12.4028617174,1.0,8.22243255357,33.1540171603,24.9315846068,10.7035719435,8.0,90.0,98.0,64.0,56.0,37.0,81.0,149.0,96.0,4.0,0.0,0.0,0.0,0.0,0.0,0.0,0.0,675.0,1.17130307467,13.17715959,14.3484626647,9.37042459736,8.19912152269,5.41727672035,11.859443631,21.8155197657,14.055636896,0.585651537335,0.0,0.0,0.0,0.0,0.0,0.0,0.0,2.9900708861,5.60979719642,15.4927711978,100.0,33.3190957622,24.6437026349,5.4446336611,0.0,0.0,0.0,0.0,1.09668217831,0.0,4.70880716809,0.0,0.0,6.6944393151,100.0,0.121198075812,0.190864494482,0.220690126877,0.271349140048,0.22738478511,0.627976435906,1.3505399865,0.998895830231,0.0444523808469,0.0,0.0,0.0,0.0,0.0,0.0,0.0,4.05335125582,32.0,32.0,7.89470193437,7.89470193437,5.61414790491,-6.35173755141,1.37568275054,-1.48624576608,0.890944256824,-0.705601479498,1.30241508948,1.68014208964,1.69628506529,2.82287744137,0.434571248741,-1.96946961998,2.1115255418,-0.309593557317,1.67695429306,1.65987606266,0.604945377021,0.509172908169,0.515373352855,0.478770131772,0.0754572991003,0.0754572991003,352.0,337.0,45.3024453024,43.3719433719,11.0,10.53125,1.0,2.0,28.0,33.0,7.19374728497,7.76202444195,51.75,60.2490234375,8.0,7.5,6.0,5.0,14.5,12.75,8.5,7.75,3.0,3.5,4.0,2.0,1.0,0.0,0.0,0.0,0.0,0.986837741797,21.5,0.0,48.0,19.0,21.5,17.3853386507,302.25,11.25,29.25,18.0,11.5,1110.64091446,1003.90874592,1046.01637113,1031.95446789,35.6883379533,1273.65746587,1011.93725933,1064.1525569,52.2152975746,24.9715273827,-95.9143815393,-95.9143815393,192.678869749,48.3822441047,-144.296625644,0.281771674957,2.9769207725,0.188257759162,0.0485340399186,-2.27373675443e-13,-0.357488362012,-0.234171944938,0.0215774535113,-0.462154102792,0.192128196173,-0.095051234336,0.170550742662,0.367102868456,0.0325401738183,0.173679716472,0.0578907414709,-0.0343230627612,-0.00345348356952,-0.00205621309734,0.0110034391085,0.000121075672215,-0.00948719850428,0.00362172256864,0.0131089210729,0.00630372319269,14.1942742707,1194.08103623,3.39227567112,9.73141092535,3.11952094485,-17.0554214687,-1195.40328875,-3.65566754968,17.1638127064,4.14292320789,8.89821540454,144.617765369,0.562715040345,1.86450152208,1.36546751044,-5.98997566735,-431.31227038,-1.07025377265,1.2523848036,1.11909999714,2879.26696256,589876.898035,868.743590626,772575.227998,878.962586234,0.0,0.0,0.0,0.0,0.0,175.775296988,63633.0846528,93.715883141,2981.54897493,54.6035619253,0.0,0.0,0.0,0.0,0.0,3319.78001742,3126.61293272,2135476.63305,160.958343289,60.8547129466,41563.7689425,2887.92052773,864.353785126,590353.635241,175.951275744,93.1670346307,63633.0846528,0.169247015345,-0.213196748576,13.4494060265,0.935652988609,0.555272360055,-0.699464398216,44.1253478561,1.5057875233
2194348,1,5,24,4,2012-07-15 18:08:20,2012-07-15 18:22:55,379212.0,380087.0,0.243333333333,0.128333333333,0.126111111111,0.115,0.527397260274,0.526857142857,281.0,1.0,1.89804772234,1.0,13.8074933476,190.646872544,1.0,1.0,0.0,0.0,1.0,44.597023878,24.6618570828,29.2057660272,29.8533570661,165.969598511,12.8829188661,1.2105072609,12.1820121313,35.2917040344,23.1096919031,9.42146575521,25.0964272517,29.5528643888,25.0964272517,157.988014305,12.5693283156,1.0,13.0692330413,35.3884673685,22.3192343272,9.30316232887,8.0,27.0,60.0,46.0,34.0,31.0,37.0,97.0,82.0,40.0,0.0,0.0,0.0,0.0,0.0,0.0,0.0,454.0,1.7316017316,5.84415584416,12.987012987,9.95670995671,7.35930735931,6.70995670996,8.00865800866,20.9956709957,17.7489177489,8.65800865801,0.0,0.0,0.0,0.0,0.0,0.0,0.0,0.960176055069,5.93116746921,9.09491331632,100.0,27.9739625686,26.7643833426,5.15674670847,0.0,0.0,0.0,0.0,14.9343159688,0.0,3.99974386562,0.0,0.0,5.18459070535,100.0,0.0303889799604,0.12658942653,0.163207852932,0.164089098261,0.18771779239,0.287848397231,0.885358662529,0.84707622603,0.472661889766,0.0,0.0,0.0,0.0,0.0,0.0,0.0,3.16493832563,25.0,25.0,7.89904807862,7.89904807862,6.04465374779,-7.31718425615,1.90958951075,-2.27506118745,1.35197469586,-1.48205397046,1.6255400325,2.09539613036,2.64238039724,4.39068494312,0.598452747222,-4.01838369482,3.02576444125,-0.432906219122,2.42731169402,3.58547747569,1.02754011032,1.30799632574,0.538961038961,0.452380952381,0.116658233541,0.116658233541,249.0,205.0,28.4246575342,23.401826484,9.96,8.2,3.0,1.0,30.0,27.0,6.52061346807,5.95315042645,42.5184,35.44,7.0,7.0,5.0,4.0,14.0,9.0,9.0,5.0,3.0,3.0,4.0,0.0,1.0,2.0,0.0,0.0,0.0,1.26384769258,105.0,0.0,282.0,69.0,105.0,107.037376649,11457.0,36.0,138.0,102.0,45.0,1062.5844441,1002.94216107,1027.49722285,1026.10092911,15.8431845849,251.00649779,1014.43023136,1036.77396215,22.3437307825,10.8661707166,50.1121024537,50.1121024537,117.186859758,83.649481106,-33.5373786523,0.253651211598,1.18076828981,0.236967368572,0.161806518056,-0.000261732022864,-0.319403606212,-0.238585546698,0.0639600966695,-0.492824156728,0.313747215752,-0.0299798848575,0.249787119083,0.46284427187,0.121451117198,0.218897564627,0.0180735850768,-0.0292796684783,0.00312904459848,0.00382297853976,0.00743985378737,5.53514243775e-05,7.90842264989e-05,0.00662073500223,0.00654165077573,0.00336782043416,15.3119823815,1292.85171585,5.19217556567,18.5876835949,4.31134359509,-22.1914011999,-1292.85171585,-6.18589337728,37.5405775435,6.12703660373,3.52939543525,250.033896849,0.708311322519,0.524532752946,0.724246334437,-5.02117523414,-100.245469113,-0.954718753457,1.15221072379,1.07341078986,3954.74141556,548404.585837,1197.38992541,1243870.21096,1115.28929474,0.0,0.0,0.0,0.0,0.0,195.39044214,49949.9217517,109.060964523,3097.28380394,55.6532461223,0.0,0.0,0.0,0.0,0.0,3176.13601158,3071.25795921,1418921.17715,198.735077474,77.3575883451,35739.2058154,3962.11238871,1188.47126006,549073.722149,195.511783579,108.116713748,49949.9217517,0.269692773654,-0.240284866027,14.6743363192,1.25242685983,0.884818811201,-0.788336174629,48.1441480288,2.01558565231
2194348,1,5,24,4,2012-07-15 19:19:31,2012-07-15 19:35:45,383483.0,384457.0,0.270833333333,0.235277777778,0.233055555556,0.0355555555556,0.868717948718,0.868583162218,77.0,1.0,1.15130023641,1.0,2.90239844768,8.4239167491,1.0,1.0,0.0,0.0,1.0,47.7357138408,27.0772862651,32.389880933,32.42547749,194.816784309,13.957678328,1.1975157766,13.5108255558,38.1923352545,24.6815096987,7.64918123661,27.3354725465,32.5447165357,27.3354725465,189.616749686,13.7701397846,1.0,14.7409967214,38.2071424222,23.4661457009,7.4823659747,8.0,83.0,96.0,33.0,39.0,33.0,89.0,127.0,203.0,115.0,21.0,0.0,0.0,0.0,0.0,0.0,0.0,839.0,0.944510035419,9.79929161747,11.334120425,3.8961038961,4.60448642267,3.8961038961,10.507674144,14.9940968123,23.9669421488,13.5773317591,2.47933884298,0.0,0.0,0.0,0.0,0.0,0.0,1.35562520629,3.25468271169,10.8295445746,100.0,18.1629531962,33.3532590419,1.80789668737,0.0,0.0,0.0,0.0,21.1732460991,4.24949549289,2.88887742674,0.0,0.0,2.92441956319,100.0,0.0863625946022,0.184041244514,0.115175380311,0.186305521622,0.207345542325,0.689916035406,1.1571043061,2.12483065078,1.34888054662,0.270721918428,0.0,0.0,0.0,0.0,0.0,0.0,6.3706837407,42.0,42.0,6.59269894872,6.59269894872,6.95215411446,-6.14799757961,1.41716912985,-1.42053532731,0.779549026178,-0.731914714658,1.50764437978,1.56472060315,2.27299157588,2.44835056592,0.28449378817,-2.02048701882,2.21757019315,-0.279037903695,1.93307640499,1.74144911513,0.592396301897,0.588958643973,0.498229043684,0.497048406139,0.0588227914621,0.0588227914621,422.0,417.0,43.2820512821,42.7692307692,10.0476190476,9.92857142857,1.0,1.0,33.0,28.0,8.18812258542,7.68546202454,67.0453514739,59.0663265306,6.5,7.5,5.0,4.0,10.75,14.75,5.75,10.75,2.5,5.5,4.0,1.0,1.0,1.0,0.0,0.0,0.0,0.627876090355,33.5,0.0,78.0,28.0,33.5,28.2001773044,795.25,18.75,42.75,24.0,15.5,1493.26849074,1059.41687857,1225.82890224,1174.14596303,148.695939871,22110.4825341,1098.80059602,1353.09265496,254.292058937,105.795660692,429.522928727,429.522928727,442.821347052,436.17213789,-6.64920916241,0.522811507736,2.50394361993,0.589421807959,0.425439721503,-2.27373675443e-13,-0.0863533657456,-0.00328639281042,0.247034793678,-0.0775063370072,0.743416980589,-8.51141990097e-05,0.496382186911,0.0774212228082,0.202590347895,0.0032863928102,0.0455313971254,-0.020308444282,0.0134807674367,0.00885359747836,0.0119319280303,0.000142370906521,0.00593751153512,0.024809703109,0.0188721915739,0.00561272191503,15.6172985975,1786.6173053,4.23369029691,16.7307321724,4.09032176881,-20.2034444478,-1786.6173053,-4.2437465684,19.3334764209,4.39698492388,7.48445504388,1303.74770879,1.7618212281,2.25497243708,1.50165656429,-1.67760772721,-19.8749311515,-0.258115988981,0.222542349733,0.471743945094,4846.15101985,1289180.72932,1529.27725898,1625119.77175,1274.80185588,0.0,0.0,0.0,0.0,0.0,209.088209661,100543.872143,119.269124725,3685.03054782,60.7044524546,0.0,0.0,0.0,0.0,0.0,4463.47944834,3664.08462126,3103479.67421,227.692966844,92.7275912552,78540.2697932,4858.91634349,1522.88916929,1289887.12639,209.271689945,118.705870299,100543.872143,0.25237786868,-0.12715401658,15.858219864,1.00355781876,0.828011380183,-0.417171970406,52.0282803937,1.61506975428
2194348,1,5,24,5,2012-07-15 20:31:29,2012-07-15 20:48:30,387801.0,388822.0,0.283888888889,0.253888888889,0.251111111111,0.03,0.894324853229,0.894221351616,41.0,1.0,1.11829134721,1.0,1.85369130405,3.43617145071,1.0,1.0,0.0,0.0,1.0,45.267931558,26.4763319722,29.6100441689,30.911716138,151.893753215,12.3245183766,1.16752260738,16.8107512602,37.1522878635,20.3415366032,8.60781254836,26.7692117506,30.0146571901,26.7692117506,145.733833041,12.0720268821,1.0,17.1721908977,37.1839098845,20.0117189868,8.32698992553,10.0,62.0,64.0,62.0,84.0,83.0,97.0,132.0,257.0,60.0,3.0,0.0,0.0,0.0,0.0,0.0,0.0,904.0,1.09409190372,6.78336980306,7.00218818381,6.78336980306,9.19037199125,9.08096280088,10.6126914661,14.4420131291,28.1181619256,6.56455142232,0.328227571116,0.0,0.0,0.0,0.0,0.0,0.0,0.839543376717,7.75278916649,11.0459458814,100.0,18.1018330753,39.9658130686,3.25168978081,0.0,0.0,0.0,0.0,10.3838529409,0.560253292164,2.05000189625,0.0,0.0,6.04827752135,100.0,0.0564344962233,0.137802080845,0.218580099306,0.406568027813,0.521146093305,0.742513619206,1.21681363781,2.68652054108,0.698007423832,0.0376604868522,0.0,0.0,0.0,0.0,0.0,0.0,6.72204650627,41.0,41.0,6.09933298762,6.09933298762,8.23286873708,-6.30852305399,1.77651559145,-1.55307754799,1.26756460306,-0.947112967832,1.67708372508,1.50996334273,2.81260982092,2.27998929639,0.432071973694,-2.36838355226,2.75613886156,-0.356408632192,2.32406688787,2.01197492006,0.974449594035,0.7584333188,0.463894967177,0.530634573304,0.0507543727765,0.0507543727765,424.0,480.0,41.4872798434,46.9667318982,10.3414634146,11.7073170732,1.0,1.0,30.0,28.0,6.59493433129,8.02509449056,43.493158834,64.4021415824,10.0,8.0,5.0,5.0,14.0,18.0,9.0,13.0,5.0,6.0,5.0,3.0,1.0,0.0,0.0,0.0,0.0,0.743821096051,23.2,0.0,42.0,24.0,23.2,13.4669966956,181.36,23.0,27.0,4.0,3.0,1492.0965209,1037.74927643,1199.63880364,1143.27010172,138.039069234,19054.784635,1087.66158903,1278.44680155,190.785212521,87.5925341865,-454.347244468,-454.347244468,473.200420677,9.42658810465,-463.773832572,0.5177247491,0.700918496212,0.116377630922,0.0729078554364,-0.00229189350739,-0.560113324363,-0.396184454492,0.0347817940531,-0.777220172531,0.124377389342,-0.179169486508,0.0895955952885,0.598050686023,0.0454527654608,0.267307086796,0.0122114308431,-0.051332363762,-0.012940366802,-0.0116436786302,0.0107048582039,0.000114593989165,-0.0195625819599,-0.00531643069953,0.0142461512604,0.0071721666712,19.5380706414,2163.24203882,5.10198594061,20.837440129,4.56480450064,-19.1970031874,-2163.24203882,-4.46029286355,16.7328687878,4.09058293985,2.09509229064,28.1767026721,0.347860526816,0.18009213261,0.424372634144,-9.41422774598,-1386.2510213,-1.6742162093,2.58767731623,1.60862590935,4138.23015872,1205030.18404,1325.66576902,1187724.09722,1089.82755389,0.0,0.0,0.0,0.0,0.0,198.36674204,106089.17535,116.709763861,2849.0016742,53.3760402634,0.0,0.0,0.0,0.0,0.0,4459.97635206,3585.80066391,3277421.80681,204.759506605,85.2227901594,77893.6302057,4143.63134247,1319.4061605,1205937.23069,198.453019244,116.071307823,106089.17535,0.150012022604,-0.275549425198,14.9258393031,0.673361906172,0.49216542849,-0.904033547238,48.9692890522,1.08367094353
2194348,1,6,32,1,2012-07-16 08:22:49,2012-07-16 08:24:26,430481.0,430578.0,0.0272222222222,0.0272222222222,0.0266666666667,0.0,1.0,1.0,1.0,1.0,1.0,1.0,0.0,0.0,1.0,1.0,0.0,0.0,1.0,34.0396568668,13.8758833429,10.0061751756,19.0813833494,90.0186007404,9.48781327495,1.37514728813,6.03530500205,20.7483441708,14.7130391687,5.9138391503,14.1649642459,10.791554529,14.1649642459,87.799167601,9.37012100247,1.0,6.12710147526,20.9315099697,14.8044084944,6.40636171949,2.0,13.0,34.0,8.0,14.0,13.0,5.0,9.0,0.0,0.0,0.0,0.0,0.0,0.0,0.0,0.0,0.0,96.0,2.04081632653,13.2653061224,34.693877551,8.16326530612,14.2857142857,13.2653061224,5.10204081633,9.18367346939,0.0,0.0,0.0,0.0,0.0,0.0,0.0,0.0,0.0,3.89426310787,21.6975529639,10.0083147643,100.0,21.4742049795,0.0,7.65460652344,0.0,0.0,0.0,0.0,0.0,0.0,17.0151220024,0.0,0.0,18.2559356586,100.0,0.0147098927166,0.0642716252811,0.0289139273923,0.0689585802347,0.0819586831889,0.037804645546,0.0811150255317,0.0,0.0,0.0,0.0,0.0,0.0,0.0,0.0,0.0,0.377732379891,6.0,6.0,15.8842617668,15.8842617668,6.21969387388,-5.42295744092,1.96580647205,-1.63199027868,1.15625530549,-1.05667673251,1.79734728487,1.32530911147,3.23045726243,1.75644424094,0.400250648655,-2.42349244296,3.39264936724,-0.598452709028,2.99239871858,1.82503973393,0.873834379948,0.679533606324,0.448979591837,0.540816326531,0.45814244065,0.45814244065,44.0,52.0,44.8979591837,53.0612244898,7.33333333333,8.66666666667,2.0,4.0,14.0,12.0,3.63623737155,2.42670329643,13.2222222222,5.88888888889,7.5,9.0,5.5,8.25,8.0,9.75,2.5,1.5,1.5,1.0,1.0,0.0,0.0,0.0,0.0,0.0,0.0,2.64737696114,0.0,0.0,0.0,0.0,0.0,0.0,0.0,0.0,0.0,0.0,0.0,1037.74927643,1030.15364473,1033.98607446,1033.9894744,1.89392399668,3.5869481052,1033.23710753,1035.0349866,1.79787907093,0.846999396068,-3.71534064575,-3.71534064575,11.5232506038,3.90395497903,-7.61929562478,0.117584189835,0.278055702612,0.0709809996187,0.0313684732744,-0.00185076334378,-0.18141180059,-0.12908492043,0.0157290924212,-0.258634054032,0.120697056859,-0.0725397741237,0.104967964438,0.186094279908,0.0291206578809,0.0696231802247,0.00835332231558,-0.0118308106475,-0.000641514432745,0.000273448135083,0.005108104773,2.6092734372e-05,-0.00529822747367,0.00350776805053,0.00880599552419,0.00347699850496,13.6006840574,185.82102382,4.22320508682,18.2587889358,4.27303041597,-12.7153982118,-185.82102382,-3.50605705321,13.9801857624,3.73900866038,0.831127102594,11.669182685,0.212166957909,0.0587291864194,0.242341053929,-1.72527294173,-22.7745845057,-0.542252012041,0.241481172337,0.491407338506,1754.84387218,30326.7975446,312.647397367,220610.007799,469.691396344,0.0678793414499,0.0,0.0,0.0,0.0,149.030988002,5961.47566791,61.4585120403,1696.7917341,41.1921319441,4.00036742652,0.0,0.0,0.0,0.0,3101.90203343,3090.65357091,302884.049949,115.779886731,28.2339419454,2766.92631065,1761.83274883,310.340694539,30413.3880648,149.228658053,60.8313843664,5961.47566791,0.297936572975,-0.316205000934,9.98876334238,2.98607265467,0.977482194801,-1.03741798207,32.7715332755,4.80561811036
2194348,1,6,32,1,2012-07-16 08:38:49,2012-07-16 08:40:51,431441.0,431563.0,0.0341666666667,0.0341666666667,0.0336111111111,0.0,1.0,1.0,1.0,1.0,1.0,1.0,0.0,0.0,1.0,1.0,0.0,0.0,1.0,33.2017855625,11.1597423454,7.1623506064,17.4066804164,88.5957976107,9.41253406956,1.55977439959,3.82663149256,14.7677081429,10.9410766503,4.72991032813,11.3442008966,7.19330303125,11.3442008966,87.9676560981,9.37910742545,1.0,3.91979132515,14.7959819509,10.8761906257,4.6904766503,2.0,40.0,26.0,25.0,9.0,3.0,7.0,11.0,0.0,0.0,0.0,0.0,0.0,0.0,0.0,0.0,0.0,121.0,1.62601626016,32.5203252033,21.1382113821,20.325203252,7.31707317073,2.43902439024,5.69105691057,8.94308943089,0.0,0.0,0.0,0.0,0.0,0.0,0.0,0.0,0.0,9.24249523692,4.79617506886,14.0037179662,100.0,25.7214807622,0.0,22.887478303,0.0,0.0,0.0,0.0,0.0,0.0,12.6730172084,0.0,0.0,10.6756354543,100.0,0.0352408207031,0.0483210989848,0.0872679399391,0.0407052581899,0.0182873933207,0.05339494383,0.0980737418331,0.0,0.0,0.0,0.0,0.0,0.0,0.0,0.0,0.0,0.381291196801,5.0,5.0,13.1133371081,13.1133371081,5.74087198123,-4.68547732738,1.61879609478,-1.20253424184,1.01646373092,-0.926597332961,1.63362583136,1.02665240006,2.6687333569,1.05401515054,0.261959497061,-1.66887940429,2.57627034003,-0.47991342301,2.31431084297,1.18896598128,0.791600646377,0.532758290575,0.422764227642,0.569105691057,0.343710754181,0.343710754181,52.0,69.0,42.2764227642,56.0975609756,10.4,13.8,8.0,4.0,15.0,18.0,2.57681974535,5.23067873225,6.64,27.36,10.0,16.0,8.0,13.0,11.0,18.0,3.0,5.0,2.0,2.0,1.0,0.0,0.0,0.0,0.0,0.0,0.0,2.62266742162,0.0,0.0,0.0,0.0,0.0,0.0,0.0,0.0,0.0,0.0,0.0,1037.51229951,1030.82149641,1034.32974802,1033.74774709,1.74905921433,3.05920813524,1033.36590471,1035.72411535,2.35821063965,0.493922943666,3.45831284338,3.45831284338,9.92329336355,6.69080310347,-3.23249026009,0.0806771818175,0.546469440076,0.171559053935,0.107222488222,-0.000873790910646,-0.0389456657842,-0.0132346840376,0.0722130634176,-0.0199464319745,0.241605324663,-0.00787259449203,0.169392261245,0.0120738374825,0.0688064663661,0.00591724634683,0.0118735642044,-0.00842424560642,0.000176760866375,-0.00138288684477,0.00422208239941,1.78259797874e-05,-0.00189886252368,0.00242516447115,0.00432402699484,0.0013269569298,14.0908391541,152.116099037,2.92530959687,17.1502100961,4.14128121432,-12.1470117085,-152.116099037,-2.17308712911,7.64863937192,2.76561735819,1.63343372612,19.9992582248,0.512801492944,0.234712379574,0.484471237097,-1.07982739476,-9.66212970565,-0.116411201273,0.0566821067348,0.238080042706,1634.73275638,28910.9487586,236.974989825,206625.653688,454.560946065,0.0494961298261,0.0,0.0,0.0,0.0,145.550241024,6017.64188913,49.3249335175,1688.67281424,41.0934643738,3.60062387016,0.0,0.0,0.0,0.0,3101.19369356,3091.68083419,380276.742605,110.150292264,21.2970212642,2619.5336155,1634.90860083,235.590093807,28977.5815383,145.555459734,48.9239177978,6017.64188913,0.239209342562,-0.222363441251,9.70718570357,2.53858354992,0.784807554338,-0.729538849248,31.8477221246,4.08545420456
2194348,1,6,32,1,2012-07-16 08:49:17,2012-07-16 08:54:00,432069.0,432352.0,0.0788888888889,0.0788888888889,0.0783333333333,0.0,1.0,1.0,1.0,1.0,1.0,1.0,0.0,0.0,1.0,1.0,0.0,0.0,1.0,42.2726936882,22.9591958313,22.5629830539,27.9916664575,145.191234578,12.049532546,1.21919193787,13.4223246497,33.3857140257,19.963389376,10.1853790487,23.1220270074,22.7296944007,23.1220270074,142.455972794,11.9354921471,1.0,13.7958885582,33.6052082362,19.809319678,10.1059892455,2.0,20.0,33.0,26.0,34.0,43.0,27.0,36.0,45.0,18.0,0.0,0.0,0.0,0.0,0.0,0.0,0.0,282.0,0.704225352113,7.04225352113,11.6197183099,9.15492957746,11.9718309859,15.1408450704,9.50704225352,12.676056338,15.8450704225,6.33802816901,0.0,0.0,0.0,0.0,0.0,0.0,0.0,1.07857266177,14.6222149034,11.3893812818,100.0,17.6977201969,26.0391887285,5.12612616736,0.0,0.0,0.0,0.0,11.4682581706,0.0,3.66591986843,0.0,0.0,8.91261802126,100.0,0.019535382535,0.0663980735938,0.0928457016868,0.161427605766,0.264841277526,0.20628737225,0.320545612083,0.471628412941,0.207716010533,0.0,0.0,0.0,0.0,0.0,0.0,0.0,1.81122544891,14.0,14.0,7.72957337166,7.72957337166,6.08808664546,-7.98277170988,2.1727475761,-2.12716545912,1.85630497665,-1.46273862847,1.65521059904,1.85100007504,2.73972212718,3.42620127781,0.686408633532,-3.14345773104,3.38749345845,-0.730387066394,2.70108482492,2.41307066465,1.35890387134,0.996220392485,0.492957746479,0.503521126761,0.173576671295,0.173576671295,140.0,142.0,49.2957746479,50.0,10.0,10.1428571429,1.0,2.0,26.0,21.0,5.95219047314,5.79232426649,35.4285714286,33.5510204082,11.0,9.5,5.5,6.0,12.0,15.0,6.5,9.0,2.5,4.5,1.0,0.0,0.0,0.0,0.0,0.0,0.0,0.55211238369,0.0,0.0,0.0,0.0,0.0,0.0,0.0,0.0,0.0,0.0,0.0,1095.88413264,1036.70246703,1062.72943967,1062.806306,15.5319101628,241.240233306,1059.30947926,1067.19496967,7.88549040955,4.09398317614,57.9515225864,57.9515225864,65.1678355759,61.5596790812,-3.60815649477,0.229464209774,1.09008243022,0.320623328548,0.205040618307,-4.6897193215e-05,-0.0396500713711,-0.0173186447219,0.0681827732619,-0.0546837925447,0.493607887804,-0.00286210033812,0.425425114542,0.0518216922065,0.169194293834,0.0172435414872,0.0201511750256,-0.00468998208385,0.00529155212123,0.00231354151147,0.00687601392849,4.72795675448e-05,-0.000137715269728,0.0109272042339,0.0110649195036,0.00461834882196,19.449212292,847.979472881,6.05699623487,26.0390724678,5.10284944593,-24.8156732308,-847.979472881,-5.92992638378,29.7491400449,5.4542772248,3.25832933224,184.006000347,0.958364585142,0.756598101702,0.869826477926,-0.569048055236,-10.7850212207,-0.118516716711,0.0203439947993,0.142632376406,3367.47821886,277792.270604,981.598129342,1051830.50983,1025.58788499,0.0249497736403,0.0,0.0,0.0,0.0,185.196257397,28585.2551108,101.007968589,2747.16963163,52.4134489576,2.8655602588,0.0,0.0,0.0,0.0,3275.67100902,3176.56941301,902145.713296,178.559359159,67.179406157,19078.9513486,3374.34066482,979.705218311,278236.282,185.322001807,100.652306728,28585.2551108,0.317199565681,-0.257773210787,13.8058890278,1.66419352376,1.04068098977,-0.845712633816,45.2949115085,2.67825986231
2194348,1,6,32,1,2012-07-16 13:20:22,2012-07-16 13:25:33,448334.0,448645.0,0.0866666666667,0.0866666666667,0.0861111111111,0.0,1.0,1.0,1.0,1.0,1.0,1.0,0.0,0.0,1.0,1.0,0.0,0.0,1.0,36.5235861176,20.1778459168,20.5297983211,24.1461831577,99.3757440169,9.96873833626,1.19666803172,12.718470745,29.0720046996,16.3535339546,8.41707638951,20.3080255678,20.6198654252,20.3080255678,97.3731861668,9.86778527162,1.0,12.9393971097,29.1270268354,16.1876297256,8.3616441317,2.0,27.0,33.0,40.0,49.0,51.0,44.0,50.0,16.0,0.0,0.0,0.0,0.0,0.0,0.0,0.0,0.0,310.0,0.641025641026,8.65384615385,10.5769230769,12.8205128205,15.7051282051,16.3461538462,14.1025641026,16.0256410256,5.12820512821,0.0,0.0,0.0,0.0,0.0,0.0,0.0,0.0,1.57085097477,18.0480994436,19.3485114754,100.0,25.7644891697,9.09931668409,8.26300626241,0.0,0.0,0.0,0.0,0.0,0.0,4.0406347308,0.0,0.0,13.8650912591,100.0,0.0274702037368,0.0706604643369,0.144499044883,0.242465318375,0.315615533709,0.338356445501,0.450555640245,0.159123995333,0.0,0.0,0.0,0.0,0.0,0.0,0.0,0.0,1.74874664612,15.0,15.0,8.57757184741,8.57757184741,6.15094384844,-8.59785520636,2.28780913881,-2.68777577147,2.10604224189,-2.37141694874,1.70525057374,2.00074435218,2.90787951924,4.00297796277,0.724875921639,-4.05363204372,3.66947743236,-0.880309360999,2.94460151072,3.17332268272,1.4692313694,1.56093078765,0.538461538462,0.458333333333,0.17258382643,0.17258382643,168.0,142.0,53.8461538462,45.5128205128,11.2,9.46666666667,3.0,4.0,31.0,15.0,8.01831237439,4.09661106553,64.2933333333,16.7822222222,8.0,9.0,6.5,5.5,11.5,13.5,5.0,8.0,3.0,4.0,1.0,0.0,0.0,0.0,0.0,0.0,0.0,0.57183812316,0.0,0.0,0.0,0.0,0.0,0.0,0.0,0.0,0.0,0.0,0.0,1095.44377121,1036.40738114,1060.82894923,1062.93319169,13.0785850995,171.049388204,1059.89892103,1064.38061954,4.481698514,1.47499439701,-58.1950919515,-58.1950919515,64.7093249497,3.2571164991,-61.4522084506,0.207401682531,0.118969068399,0.0407139562387,0.0342329255893,-0.000705574693029,-0.26602687641,-0.141431490517,0.00932888491047,-0.370942640342,0.0670862306321,-0.0369903277268,0.0577573457216,0.333952312615,0.0295608856776,0.123679090624,0.00313931462046,-0.0320376213196,-0.00552216628355,-0.00249891345434,0.00717312219159,5.14536819755e-05,-0.00925649673029,7.25428880723e-06,0.0092637510191,0.00396375569673,17.2276214267,934.924852212,5.56502888222,18.6239097038,4.31554280523,-25.0603964725,-934.924852212,-6.53793602946,27.5449384102,5.24832720113,0.355606506856,9.73573918203,0.121696739775,0.0104020517247,0.101990449184,-4.43283752779,-183.684763441,-0.795172136107,0.891426265355,0.944153729726,2169.11507499,195682.500696,629.204182301,402399.603502,634.349748563,0.556646586883,0.0,0.0,0.0,0.0,159.940344148,27599.1975673,88.7434005378,1869.4619744,43.2372752888,8.06703347467,0.0,0.0,0.0,0.0,3274.35473926,3170.88871991,989317.280612,133.293692423,50.6128052147,15791.195227,2176.35328794,628.860952854,196204.617291,160.118116494,88.4589665618,27599.1975673,0.29987460584,-0.361682823075,11.7924244569,2.15642066248,0.983840570341,-1.18662343528,38.6890566173,3.47042265464
2194348,1,6,32,1,2012-07-16 13:38:35,2012-07-16 13:40:23,449427.0,449535.0,0.0302777777778,0.0263888888889,0.0258333333333,0.00388888888889,0.871559633028,0.87037037037,15.0,1.0,1.14893617021,1.0,1.43628841121,2.06292440018,1.0,1.0,0.0,0.0,1.0,39.0771575573,14.3601716403,12.5186751369,20.3127004871,102.651961817,10.1317304454,1.41451655286,6.67816190402,18.0768598594,11.3986979554,5.87053580655,14.6689925357,13.0157734107,14.6689925357,100.329439478,10.0164584299,1.0,7.35104163244,18.3892109435,11.038169311,5.47184979291,2.0,16.0,21.0,15.0,23.0,5.0,2.0,3.0,8.0,0.0,0.0,0.0,0.0,0.0,0.0,0.0,0.0,93.0,2.10526315789,16.8421052632,22.1052631579,15.7894736842,24.2105263158,5.26315789474,2.10526315789,3.15789473684,8.42105263158,0.0,0.0,0.0,0.0,0.0,0.0,0.0,0.0,7.23884184763,7.77764858637,4.02007052362,100.0,7.03714365696,21.2405650171,13.1261597183,0.0,0.0,0.0,0.0,0.0,0.0,11.6223188452,0.0,0.0,27.9372518048,100.0,0.0283302243751,0.0454855773305,0.0513710698243,0.109336359146,0.0304389202307,0.0157331106736,0.0275408501743,0.0831279347519,0.0,0.0,0.0,0.0,0.0,0.0,0.0,0.0,0.391364046506,4.0,4.0,10.2206629242,10.2206629242,6.06909844878,-6.86876299656,2.52714810296,-2.61120908708,2.31954919721,-2.52819994716,1.6105578442,1.9160829999,2.59389656951,3.6713740625,1.08161239865,-3.51222548752,3.62589469976,-0.872770529929,2.54428230111,2.63945495759,1.28694389166,1.33544187762,0.505263157895,0.484210526316,0.531855955679,0.531855955679,48.0,59.0,44.0366972477,54.128440367,12.0,14.75,6.0,7.0,18.0,25.0,4.30116263352,6.49519052838,18.5,42.1875,12.0,13.5,9.75,11.5,14.25,16.75,4.5,5.25,3.5,3.5,1.0,0.0,0.0,0.0,0.0,0.0,0.0,2.55516573105,0.0,0.0,0.0,0.0,0.0,0.0,0.0,0.0,0.0,0.0,0.0,1037.24867926,1032.40665607,1034.48497553,1034.22621134,1.60276753972,2.56886378638,1032.96221947,1035.95849462,2.99627515227,1.47033242149,-2.89512663367,-2.89512663367,6.78891976105,1.94689656369,-4.84202319736,0.0687421729697,0.0868922143818,0.0381744424253,0.0391307537745,-0.00139756274871,-0.106595578336,-0.0685188619923,0.0119829397318,-0.145808764966,0.0604433913671,-0.0223050364448,0.0484604516354,0.123503728521,0.0254138910616,0.0500607670691,0.00336410640599,-0.00718016645844,-0.000499677989929,5.55125371379e-06,0.00322419596581,1.0395439626e-05,-0.00361020672027,0.00259053884691,0.00620074556718,0.00277664590343,21.0464184008,254.160086509,5.29500180226,27.8523105659,5.27752883136,-25.9565627769,-253.643533039,-5.51398984868,42.9294110325,6.55205395525,0.259726643614,5.81940411518,0.114105963043,0.00656025520974,0.0809954023988,-1.11460460707,-14.4731313651,-0.336584450351,0.115844178931,0.340358897241,2627.40232528,35407.9787853,376.680625375,470808.051723,686.154539242,0.118199275932,0.0,0.0,0.0,0.0,170.491542924,5980.67628615,63.6242158101,1929.51337071,43.9262264565,4.81273867749,0.0,0.0,0.0,0.0,3100.405715,3092.14481959,293753.757861,152.583897876,30.8626751655,2931.95414073,2665.49612484,374.379579518,35566.0600542,171.31288384,62.9544872226,5980.67628615,0.390642361386,-0.404381939323,10.6066371392,3.47235335337,1.28163504392,-1.32671239935,34.7986782781,5.58821103512
2194348,1,6,32,1,2012-07-16 13:46:59,2012-07-16 13:49:01,449931.0,450053.0,0.0341666666667,0.0341666666667,0.0336111111111,0.0,1.0,1.0,1.0,1.0,1.0,1.0,0.0,0.0,1.0,1.0,0.0,0.0,1.0,28.0869038185,10.7778179243,9.00900272619,15.8064462179,68.3603892096,8.26803418048,1.46657202125,3.3350068843,15.1637274368,11.8287205525,5.71830331548,10.9559636751,9.08816952381,10.9559636751,67.5385546233,8.21818438728,1.0,3.43251488244,15.5220977976,12.0895829152,5.73355716518,2.0,40.0,24.0,26.0,10.0,6.0,15.0,0.0,0.0,0.0,0.0,0.0,0.0,0.0,0.0,0.0,0.0,121.0,1.62601626016,32.5203252033,19.512195122,21.1382113821,8.13008130081,4.87804878049,12.1951219512,0.0,0.0,0.0,0.0,0.0,0.0,0.0,0.0,0.0,0.0,9.2796770385,10.1775763551,30.9599410695,100.0,0.0,0.0,22.8614328495,0.0,0.0,0.0,0.0,0.0,0.0,14.0140084094,0.0,0.0,12.7073642779,100.0,0.0341716787518,0.0516054806008,0.0841854232534,0.0467938666493,0.0374781221626,0.114007540997,0.0,0.0,0.0,0.0,0.0,0.0,0.0,0.0,0.0,0.0,0.368242112415,7.0,7.0,19.0092326869,19.0092326869,3.08611173829,-4.96189586203,1.27636668031,-1.45550586351,1.12237108931,-1.02677611104,0.900064117969,1.33014549226,0.810115416455,1.76928703059,0.521081801563,-2.47958381612,1.94027808998,-0.200684571602,1.41919628842,2.27889924452,0.716528246181,0.907813733739,0.528455284553,0.463414634146,0.429638442726,0.429638442726,65.0,56.0,52.8455284553,45.5284552846,9.28571428571,8.0,1.0,1.0,20.0,13.0,7.12569366477,5.01426536422,50.7755102041,25.1428571429,8.0,11.0,3.0,3.0,15.0,12.5,12.0,9.5,7.0,2.0,1.0,0.0,0.0,0.0,0.0,0.0,0.0,2.71560466956,0.0,0.0,0.0,0.0,0.0,0.0,0.0,0.0,0.0,0.0,0.0,1037.37672042,1031.63880728,1034.27007735,1033.92247079,1.52059605927,2.31221237548,1033.31750406,1034.55501378,1.23750972022,0.639771852298,3.02316779263,3.02316779263,8.4527014626,5.73793462762,-2.71476683498,0.0687211501024,0.330543222355,0.127509658391,0.100829130552,-0.0037176244216,-0.0352567121426,-0.0209992339899,0.0439024947405,-0.038100061144,0.217634101617,-0.00808755619801,0.173731606877,0.0300125049459,0.0959142551221,0.01353680845,0.00802744029275,-0.00684850456508,-0.000289508709654,-0.00151866142931,0.0040417373869,1.63356411047e-05,-0.00228474412672,0.00281825398909,0.00510299811581,0.00158241275257,7.37263064561,128.925029841,1.98346199756,4.49386265827,2.11987326467,-12.7422466873,-128.925029841,-2.2618426288,8.94342328623,2.99055568185,0.988015811571,17.1510705845,0.381134901878,0.102229017758,0.319732728632,-0.523613636963,-8.11461974196,-0.105384671974,0.0152799296715,0.123612012651,988.48136898,21649.550057,177.455328336,93169.3390812,305.236529729,0.0362119499432,0.0,0.0,0.0,0.0,123.0798082,5811.69767254,47.6368661684,1299.18811542,36.0442521829,3.2444267941,0.0,0.0,0.0,0.0,3100.78843859,3091.50247457,380254.804372,78.826184829,18.4378524115,2267.85584661,989.739171175,176.405398459,21697.8640104,123.13199813,47.2495745735,5811.69767254,0.222430297734,-0.207182204036,8.54768021554,3.04436984194,0.729758194664,-0.679731640537,28.043570261,4.8994383389
2194348,1,6,32,2,2012-07-16 13:56:16,2012-07-16 14:00:51,450488.0,450763.0,0.0766666666667,0.0733333333333,0.0722222222222,0.00333333333333,0.95652173913,0.956363636364,13.0,1.0,1.04562737643,1.0,0.738543607129,0.545446659631,1.0,1.0,0.0,0.0,1.0,42.8888392329,24.469268722,26.0797988694,28.6724487422,127.681354781,11.2996174617,1.1717738306,15.5833699645,33.37399467,17.7906247055,8.39148039211,24.84571901,26.2889878746,24.84571901,120.292505239,10.9677940006,1.0,16.0896200753,33.6093000459,17.5196799706,8.31138363095,4.0,12.0,21.0,26.0,24.0,36.0,42.0,44.0,36.0,19.0,0.0,0.0,0.0,0.0,0.0,0.0,0.0,260.0,1.51515151515,4.54545454545,7.95454545455,9.84848484848,9.09090909091,13.6363636364,15.9090909091,16.6666666667,13.6363636364,7.19696969697,0.0,0.0,0.0,0.0,0.0,0.0,0.0,0.761273878497,12.3993151407,17.7299909966,100.0,21.9022545521,20.8089045693,5.18896701994,0.0,0.0,0.0,0.0,12.2732594421,0.0,2.51639021298,0.0,0.0,6.41964418771,100.0,0.0136603977429,0.0451544341092,0.0931115008269,0.115194932401,0.222494927707,0.318149270365,0.393016911652,0.373397696992,0.220232967815,0.0,0.0,0.0,0.0,0.0,0.0,0.0,1.79441303961,13.0,13.0,7.24470883405,7.24470883405,5.79202513026,-7.52463498931,2.35062027491,-2.61601288659,1.82618612734,-2.01677623837,1.84366782797,2.01499470677,3.39911105991,4.06020366832,0.756305171615,-4.13907816124,4.16701474182,-0.838450081529,3.4107095702,3.30062807971,1.43954922419,1.34902790213,0.522727272727,0.469696969697,0.198002754821,0.198002754821,138.0,122.0,50.0,44.2028985507,10.6153846154,9.38461538462,1.0,4.0,27.0,18.0,6.34323942403,3.81370930961,40.2366863905,14.5443786982,12.0,10.0,6.0,6.0,14.0,11.0,8.0,5.0,2.0,3.0,2.0,1.0,0.0,0.0,0.0,0.0,0.0,1.11457058985,7.0,0.0,14.0,7.0,7.0,7.0,49.0,3.5,10.5,7.0,7.0,1094.99744028,1036.72803071,1062.85872985,1062.92618584,14.911498172,222.352777732,1061.0129233,1065.62094103,4.60801773012,2.49753847081,55.4995689802,55.4995689802,66.4304373234,60.9650031518,-5.46543417158,0.251630444407,1.08070776601,0.314252593566,0.20316736919,-0.000813884044874,-0.080374031935,-0.0587767016697,0.0359327060997,-0.124306225976,0.476364322017,-0.0138200643015,0.440431615917,0.110486161675,0.181271944881,0.05279969222,0.0216623337124,-0.0369305532609,0.00413728539149,0.0018172315669,0.00910336830879,8.28713145655e-05,-3.33872356529e-05,0.00987002661786,0.00990341385351,0.00382934528968,18.2062887336,924.108321691,6.69643711371,26.490149443,5.14685821089,-21.0454970394,-924.108321691,-7.45248646525,30.47923809,5.52080049358,3.23030783357,182.228474199,0.939322031952,0.900591362863,0.948994922464,-1.00459718266,-16.3365484857,-0.240243360084,0.0468001102747,0.2163333314,3519.76030442,277464.322523,1059.02413177,977590.611868,988.731819993,0.0,0.0,0.0,0.0,0.0,187.946833538,28319.9170717,108.091286533,2362.11960881,48.6016420382,0.0,0.0,0.0,0.0,0.0,3273.02062622,3176.95587002,838716.349684,183.802476241,72.5862620156,19162.7731721,3524.04978277,1052.93972931,277976.088537,188.023162196,107.27241315,28319.9170717,0.351202480333,-0.29375725374,13.8622242711,1.82764453745,1.15223910871,-0.963770517519,45.4797384223,2.94130877047
2194348,1,6,32,4,2012-07-16 18:01:28,2012-07-16 18:15:13,465200.0,466025.0,0.229444444444,0.110833333333,0.108611111111,0.118611111111,0.483050847458,0.482424242424,270.0,1.0,2.07286432161,1.0,14.6444363125,214.459514911,1.0,1.0,0.0,0.0,1.0,43.3754458497,16.6185621596,12.7962793772,23.6618971241,150.287817034,12.2591931641,1.42382336671,5.87395789137,26.678943144,20.8049852526,8.18080334077,16.9585838918,13.4072915171,16.9585838918,147.596472512,12.1489288627,1.0,6.3940472593,27.13511866,20.7410714007,8.23303596652,8.0,63.0,102.0,43.0,42.0,32.0,33.0,38.0,13.0,25.0,0.0,0.0,0.0,0.0,0.0,0.0,0.0,391.0,2.00501253133,15.7894736842,25.5639097744,10.7769423559,10.5263157895,8.02005012531,8.27067669173,9.52380952381,3.25814536341,6.2656641604,0.0,0.0,0.0,0.0,0.0,0.0,0.0,3.54573700831,10.6424805868,13.5852482842,100.0,18.3757800576,7.16471536888,8.07193382703,0.0,0.0,0.0,0.0,15.6972977051,0.0,11.9556004235,0.0,0.0,10.9612067385,100.0,0.0660269482939,0.222631235519,0.150311530771,0.204114131665,0.198178972037,0.252977726188,0.342184622514,0.133417760565,0.292307258407,0.0,0.0,0.0,0.0,0.0,0.0,0.0,1.86215018596,23.0,23.0,12.3513131075,12.3513131075,6.25461453038,-7.04032886863,2.09379694423,-2.19376982107,1.68290209453,-1.37008933847,1.71353960494,1.95477114898,2.93621797771,3.82113024488,0.538705551327,-3.75044081051,3.59022406162,-0.494454656424,3.05151851029,3.25598615408,1.37881976818,1.15827405858,0.50626566416,0.483709273183,0.126883625103,0.126883625103,202.0,203.0,24.4552058111,24.5762711864,8.78260869565,8.82608695652,1.0,1.0,25.0,28.0,5.52430614757,6.23211998205,30.5179584121,38.8393194707,8.0,8.0,5.0,4.0,11.0,11.5,6.0,7.5,3.0,4.0,4.0,0.0,1.0,2.0,0.0,0.0,0.0,2.14805445348,104.75,0.0,271.0,74.0,104.75,104.152232333,10847.6875,27.0,151.75,124.75,56.0,1092.8762894,1036.2808156,1060.13478023,1062.56833992,11.5548496822,133.514551178,1062.54786242,1063.6021627,1.0543002832,0.787885649406,-55.4914195847,-55.4914195847,62.5801001605,3.54434028793,-59.0357598726,0.15682066823,0.131853653752,0.0248992024717,0.000942556280734,-0.000105444377141,-0.249096033218,-0.0756101366615,0.000187201930089,-0.395027242112,0.0469866605286,-0.0261350087358,0.0467994585985,0.368892233376,0.000914324836344,0.0683841119651,0.00330797668019,-0.0475991372599,-0.00480188581579,-0.00125744668835,0.00938874240442,8.81484839366e-05,-0.00626441961679,3.5059726385e-05,0.00629947934317,0.00156037908409,16.667968769,930.598178731,4.60692167689,20.7394218716,4.55405554112,-21.0259271007,-930.918031134,-4.82340948774,26.4116497277,5.13922656902,0.394119394712,10.5942703079,0.0746075373793,0.0124675674273,0.111658261796,-4.7410794712,-176.461836932,-0.744564712794,0.972835239348,0.986324104617,3643.85509302,235602.548536,596.462148192,865058.969427,930.085463507,0.0,0.0,0.0,0.0,0.0,190.130170353,29069.2215283,73.5929658944,2845.57289579,53.3439115157,0.0,0.0,0.0,0.0,0.0,3266.6803643,3168.81380232,1264356.70713,187.996895229,42.6133407012,17002.7229398,3645.36494753,591.776674671,236118.893194,190.156428483,72.8551918002,29069.2215283,0.285513705632,-0.340861189634,12.5416522472,1.81517061182,0.936724756012,-1.11831098961,41.1471530422,2.92123393311
2194348,1,7,40,2,2012-07-17 08:54:55,2012-07-17 08:58:43,518807.0,519035.0,0.0636111111111,0.0611111111111,0.06,0.0025,0.960698689956,0.960526315789,10.0,1.0,1.04109589041,1.0,0.606773550421,0.36817414149,1.0,1.0,0.0,0.0,1.0,46.6356943023,22.8549409675,24.1199027202,26.9053496566,112.559377637,10.6094004372,1.17722245246,14.8187786937,29.842596143,15.0238174494,7.14345220833,23.278180615,24.3312028185,23.278180615,104.791561597,10.2367749608,1.0,15.5886343821,29.9132621075,14.3246277254,7.11475436783,4.0,5.0,27.0,20.0,25.0,35.0,51.0,26.0,20.0,3.0,4.0,0.0,0.0,0.0,0.0,0.0,0.0,216.0,1.81818181818,2.27272727273,12.2727272727,9.09090909091,11.3636363636,15.9090909091,23.1818181818,11.8181818182,9.09090909091,1.36363636364,1.81818181818,0.0,0.0,0.0,0.0,0.0,0.0,0.461947995801,15.6514556976,28.1935094341,100.0,16.7039781528,14.9393873192,5.10382477556,0.0,0.0,0.0,0.0,2.51665847302,3.62791352239,4.10909088507,0.0,0.0,8.69223374449,100.0,0.00645198532861,0.0573912958717,0.0712846529717,0.121403632231,0.21860244757,0.393776162867,0.233302932258,0.208657053777,0.0351499382887,0.050670735738,0.0,0.0,0.0,0.0,0.0,0.0,1.3966908369,11.0,11.0,7.87575869289,7.87575869289,6.87915830948,-7.78086494655,2.74228937118,-2.89751329785,2.27022386611,-3.07427138253,1.99350942418,2.0162280185,3.9740798243,4.06517542258,1.13620277182,-4.44859660616,4.19797971475,-0.837536231768,3.06177694293,3.61106037439,1.59086709083,1.70615802832,0.509090909091,0.481818181818,0.231404958678,0.231404958678,112.0,104.0,48.9082969432,45.4148471616,10.1818181818,9.45454545455,2.0,2.0,23.0,18.0,5.74959574576,5.03377025451,33.0578512397,25.3388429752,10.0,8.0,7.5,6.0,11.5,12.0,4.0,6.0,2.0,4.0,2.0,1.0,0.0,0.0,0.0,0.0,0.0,1.43195612598,5.5,0.0,11.0,5.5,5.5,5.5,30.25,2.75,8.25,5.5,5.5,1095.72037988,1037.38486982,1067.3807782,1063.50168888,12.7467072466,162.478545632,1062.5567875,1072.24367534,9.68688783449,1.95095912593,57.764123896,57.764123896,63.4560009548,60.6100624254,-2.84593852943,0.288436367976,2.80037103112,0.378812890159,0.232170881705,-0.000710868627266,-0.0490679056798,-0.0343929808679,0.0671611625223,-0.0857004042142,0.464781235553,-0.00951745860044,0.39762007303,0.0761829456137,0.184218611234,0.0297332264552,0.0414460071489,-0.0155615069989,0.00669115042658,0.00339978885177,0.00897402892196,8.05331950921e-05,-0.000102386595345,0.011287226739,0.0113896133343,0.00533641411893,31.6196416017,853.047037505,7.61649140629,39.1416426399,6.2563282075,-20.9674374764,-853.047037505,-8.04761356137,37.7293523738,6.14242235391,8.37049641286,181.167532615,1.13229707884,2.14486583417,1.46453604741,-0.409140990012,-8.50670071466,-0.146667253701,0.0159673549716,0.126361999713,4491.44807389,190884.035425,875.614841398,815703.628033,903.163123712,0.0,0.0,0.0,0.0,0.0,203.856663532,22042.9565561,101.114479615,2063.47174544,45.4254526167,0.0,0.0,0.0,0.0,0.0,3275.18154108,3190.47257517,701903.966538,217.31998524,63.4414893983,13957.1276676,4530.69156839,870.011671595,191402.567751,204.449242991,100.195257073,22042.9565561,0.420656936773,-0.343842179967,13.0324244847,2.47672404645,1.38010806028,-1.12809114162,42.7572981782,3.98590098381
2194348,1,7,40,2,2012-07-17 13:37:52,2012-07-17 13:43:22,535784.0,536114.0,0.0919444444444,0.08,0.0788888888889,0.0119444444444,0.870090634441,0.869696969697,44.0,1.0,1.14982578397,1.0,2.53378391842,6.42006094526,1.0,1.0,0.0,0.0,1.0,42.3510400722,22.3577470365,21.8104259066,27.8220912571,155.874373752,12.4849659091,1.24440495778,11.3650535259,34.8261528315,23.4610993055,12.3496554602,22.6726448821,21.9921127615,22.6726448821,150.93022044,12.2853661093,1.0,11.9520706193,34.8599142693,22.9078436501,12.1679686053,4.0,22.0,41.0,29.0,38.0,28.0,22.0,35.0,59.0,10.0,0.0,0.0,0.0,0.0,0.0,0.0,0.0,284.0,1.38888888889,7.63888888889,14.2361111111,10.0694444444,13.1944444444,9.72222222222,7.63888888889,12.1527777778,20.4861111111,3.47222222222,0.0,0.0,0.0,0.0,0.0,0.0,0.0,1.34661355062,9.74267847641,9.0440219213,100.0,17.9869918754,34.4083251621,5.71501011533,0.0,0.0,0.0,0.0,6.44891042286,0.0,4.84866217786,0.0,0.0,10.4587862981,100.0,0.0240857960965,0.0867241299504,0.102219800376,0.18706791869,0.174259472667,0.161763163447,0.321718891438,0.615434103939,0.115346486316,0.0,0.0,0.0,0.0,0.0,0.0,0.0,1.78861976292,14.0,14.0,7.82726451436,7.82726451436,7.68507480179,-8.517581087,2.69200855746,-2.44075442543,2.29170348496,-1.44413254111,2.1168416891,2.34820461145,4.48101873672,5.51406489724,0.975158861483,-4.14161551779,4.44557996346,-0.480786591859,3.47042110198,3.66082892593,1.65305597736,1.2590530292,0.472222222222,0.520833333333,0.163966049383,0.163966049383,136.0,148.0,41.0876132931,44.7129909366,9.71428571429,10.5714285714,2.0,2.0,19.0,26.0,5.61157695469,6.06764588046,31.4897959184,36.8163265306,11.5,9.5,4.0,9.0,13.0,12.5,9.0,3.5,4.5,2.5,2.0,0.0,1.0,0.0,0.0,0.0,0.0,1.11818064491,22.5,0.0,45.0,22.5,22.5,22.5,506.25,11.25,33.75,22.5,22.5,1095.14899371,1036.23388323,1060.61438109,1063.01776495,14.2856351264,204.079370964,1051.27873858,1065.67129623,14.3925576586,5.89451416871,-57.8188863984,-57.8188863984,64.9545126801,3.56781314087,-61.3866995393,0.225536502362,0.1494348793,0.0548894329364,0.0506749239205,-0.000260870164084,-0.277767871218,-0.179415488909,0.0109077410243,-0.377568762106,0.0879633472484,-0.0526620329497,0.0770556062241,0.324906729156,0.0396095299163,0.134303419396,0.00428332881661,-0.0301137492844,-0.00616086326442,-0.00590245329864,0.00694388118803,4.82174859534e-05,-0.0119704251815,-0.000230894979786,0.0117395302017,0.00589918505175,27.2478049945,981.217519935,7.21483470541,44.2485501448,6.65195836915,-25.8154639872,-981.217519935,-6.5414501329,45.047144166,6.71171693131,0.44667085441,10.6644322361,0.164068188248,0.0199855397173,0.141370222173,-4.75880471608,-183.488952921,-0.830266755298,0.91069935949,0.95430569499,3388.94559087,276411.830249,966.474930939,1039102.36754,1019.36370719,0.0,0.0,0.0,0.0,0.0,185.588978621,28228.4859954,98.7009999841,2923.17478122,54.0663923451,0.0,0.0,0.0,0.0,0.0,3273.47362958,3170.24736139,913031.240081,179.2218409,65.5234243654,18870.7462172,3393.13702975,962.007526747,277058.167703,185.665469597,98.0155763731,28228.4859954,0.313682742906,-0.373722434233,13.8582967273,1.63331862662,1.0291428573,-1.22612347189,45.46685278,2.62857153184
2194348,1,7,40,1,2012-07-17 14:27:39,2012-07-17 14:32:15,538771.0,539047.0,0.0769444444444,0.0769444444444,0.0763888888889,0.0,1.0,1.0,1.0,1.0,1.0,1.0,0.0,0.0,1.0,1.0,0.0,0.0,1.0,41.8090026198,23.489936984,24.4639135499,28.291611668,145.89852853,12.0788463245,1.20441411517,13.1692890497,35.168377776,21.9990887264,10.8084815112,23.6607728894,24.4738090528,23.6607728894,142.91749918,11.9548107128,1.0,13.5806038842,35.1726188683,21.5920149841,10.7075149189,2.0,29.0,18.0,30.0,30.0,37.0,19.0,42.0,65.0,5.0,0.0,0.0,0.0,0.0,0.0,0.0,0.0,275.0,0.72202166065,10.4693140794,6.49819494585,10.8303249097,10.8303249097,13.357400722,6.85920577617,15.1624548736,23.4657039711,1.80505415162,0.0,0.0,0.0,0.0,0.0,0.0,0.0,1.44543834985,12.8826896314,8.16297536592,100.0,21.3077753581,36.8423646579,5.91384314948,0.0,0.0,0.0,0.0,3.15751187492,0.0,2.09451225541,0.0,0.0,8.19288935705,100.0,0.0261251440094,0.0378566365752,0.106887992798,0.148079933211,0.232844328424,0.147539261707,0.38512102561,0.665896323031,0.0570695059062,0.0,0.0,0.0,0.0,0.0,0.0,0.0,1.80742015127,15.0,15.0,8.29912181152,8.29912181152,6.83572361965,-9.3313335148,2.37542530844,-2.70688000265,2.01470256602,-1.7212680671,1.84618582973,2.69498760293,3.40840211789,7.26295817995,0.62131432469,-4.61640013063,3.87635485123,-0.331418752307,3.25504052654,4.28498137832,1.5277778619,1.50398060431,0.530685920578,0.465703971119,0.191583364829,0.191583364829,147.0,128.0,53.0685920578,46.2093862816,9.8,8.53333333333,3.0,1.0,32.0,18.0,6.82348884369,4.54410485012,46.56,20.6488888889,9.0,9.0,5.5,5.0,11.0,11.5,5.5,6.5,3.0,4.0,1.0,0.0,0.0,0.0,0.0,0.0,0.0,0.553274787434,0.0,0.0,0.0,0.0,0.0,0.0,0.0,0.0,0.0,0.0,0.0,1098.20037942,1036.59941356,1059.52525907,1062.68347388,16.0194151046,256.621660295,1043.15834212,1064.38320339,21.2248612675,6.82384213394,60.8702721057,60.8702721057,67.1749666262,64.0226193659,-3.15234726027,0.242508904788,1.19002362865,0.297779624958,0.202793251279,-0.000310082382384,-0.0516778239389,-0.0286996952891,0.0401963306699,-0.0822260474586,0.467719159007,-0.00660942588433,0.427522828337,0.0756166215742,0.179113142304,0.0255982294329,0.021108743382,-0.00431063958389,0.00589407862078,0.00390292881106,0.00664581332358,4.41668347319e-05,0.000542125387938,0.0113316664977,0.0107895411098,0.00403745163473,19.4046697295,1015.76518037,6.90996721341,30.5743628264,5.52940890389,-30.581877399,-1015.76518037,-7.87414868505,81.3327251765,9.0184657884,3.55706026241,191.367893679,0.890083226412,0.871826669257,0.933716589366,-0.6828323915,-9.42257691604,-0.154468474033,0.0285183804899,0.1688738597,3233.19829485,279500.831357,1012.68417158,873358.890936,934.536725301,0.206108932788,0.0,0.0,0.0,0.0,182.700590886,28525.1988633,103.352169794,2749.64353804,52.437043567,5.79276993476,0.0,0.0,0.0,0.0,3282.59442566,3166.99190279,877256.757072,174.663592211,69.7134137772,19310.6156163,3264.51433162,1011.53804703,280196.039028,183.289196477,102.979057268,28525.1988633,0.390587255726,-0.328036454619,13.8628507392,2.03241772756,1.28145425107,-1.07623508733,45.4817937639,3.27085927534
2194348,1,7,40,2,2012-07-17 18:00:56,2012-07-17 18:05:25,551568.0,551837.0,0.075,0.0711111111111,0.07,0.00388888888889,0.948148148148,0.947955390335,15.0,1.0,1.05490196078,1.0,0.874993271793,0.765613225682,1.0,1.0,0.0,0.0,1.0,44.1972470089,21.7516603172,20.7790171994,27.6388335438,160.720565994,12.6775615161,1.27065397035,9.71873081557,31.9790731023,22.2603422867,11.0946427061,22.0969247667,21.3503716953,22.0969247667,155.642403524,12.4756724678,1.0,9.8253714814,32.1343558372,22.3089843558,11.492708369,4.0,16.0,53.0,22.0,26.0,28.0,27.0,33.0,12.0,35.0,0.0,0.0,0.0,0.0,0.0,0.0,0.0,252.0,1.5625,6.25,20.703125,8.59375,10.15625,10.9375,10.546875,12.890625,4.6875,13.671875,0.0,0.0,0.0,0.0,0.0,0.0,0.0,1.10513589663,11.258201745,13.0074567441,100.0,19.0959293005,8.06725891826,4.96148194603,0.0,0.0,0.0,0.0,26.2631131148,0.0,7.88603280615,0.0,0.0,8.3553895285,100.0,0.0170940733353,0.121979951537,0.0767434453049,0.129239889665,0.174140145877,0.201197355156,0.295372919172,0.124783129373,0.406233824245,0.0,0.0,0.0,0.0,0.0,0.0,0.0,1.54678473367,14.0,14.0,9.05103321444,9.05103321444,6.10303708388,-8.90585540273,2.07568264175,-1.94892339645,1.63363159757,-1.31290698658,1.6824261757,1.97301635513,2.83055783668,3.89279353762,0.591795727406,-2.96208878843,3.25285772282,-0.324543820176,2.66106199541,2.63754496825,1.17087870309,1.0795929286,0.48046875,0.51171875,0.187683105469,0.187683105469,123.0,129.0,45.5555555556,47.7777777778,8.78571428571,9.21428571429,1.0,3.0,17.0,23.0,5.18484841256,6.44956888292,26.8826530612,41.5969387755,8.0,6.5,3.75,4.5,14.0,12.25,10.25,7.75,5.0,3.5,2.0,1.0,0.0,0.0,0.0,0.0,0.0,1.29300474492,8.0,0.0,16.0,8.0,8.0,8.0,64.0,4.0,12.0,8.0,8.0,1192.08187131,1098.20037942,1149.64245259,1153.18023521,34.190192652,1168.96927358,1117.17194638,1184.51026308,67.3383166973,34.7712153215,93.6133293014,93.6133293014,94.14965448,93.8814918907,-0.268162589303,0.367772087813,1.03499267587,0.4029248579,0.30947796718,-0.00327553922216,-0.0127696471097,-0.00618342406187,0.104282261818,-0.0209806280754,0.699936005902,-0.0040763428774,0.595653744084,0.0169042851981,0.249659601346,0.00284020543222,0.024987690762,-0.00255939056989,0.00958162833727,0.0107257422046,0.0064947915817,4.21823176897e-05,0.00442468299117,0.0145097671106,0.0100850841194,0.00485772917763,19.548733037,676.30381756,5.49840502081,25.2958817389,5.02950114215,-32.5017122902,-676.30381756,-5.16262456153,33.6072318848,5.79717447424,3.09366236989,280.618061811,1.204369364,0.924945533272,0.961740886763,-0.111564537121,-0.801555924867,-0.0381693297556,0.00120598730898,0.034727327985,3841.65824288,241080.021385,949.13394246,1277665.29711,1130.33857632,0.0,0.0,0.0,0.0,0.0,193.509968864,24411.7794611,96.1093679573,3024.4883581,54.9953485133,0.0,0.0,0.0,0.0,0.0,3563.21248747,3436.35822487,879707.705567,195.188043232,63.3363299141,16214.100458,3856.51312045,943.122896803,241439.461582,193.759175851,95.3585135201,24411.7794611,0.332970070193,-0.220562757083,13.9173396859,1.71906676036,1.09242149013,-0.723631092793,45.6605632741,2.76656977638
2194348,1,7,40,3,2012-07-17 19:34:52,2012-07-17 19:42:55,557204.0,557687.0,0.134444444444,0.124444444444,0.121388888889,0.01,0.925619834711,0.925465838509,20.0,1.0,1.08053691275,1.0,1.2031843201,1.44765250815,1.0,1.0,0.0,0.0,1.0,40.735342317,23.4739068687,27.5993298594,28.0127179217,141.443626626,11.8930074677,1.19335558748,12.7744788084,33.6386902608,20.8642114524,7.69895789211,24.064783243,27.7524547262,24.064783243,130.784680643,11.4361130041,1.0,13.0356396142,33.7462050789,20.7105654647,7.42916712574,11.0,42.0,32.0,54.0,18.0,31.0,73.0,114.0,68.0,5.0,0.0,0.0,0.0,0.0,0.0,0.0,0.0,437.0,2.45535714286,9.375,7.14285714286,12.0535714286,4.01785714286,6.91964285714,16.2946428571,25.4464285714,15.1785714286,1.11607142857,0.0,0.0,0.0,0.0,0.0,0.0,0.0,1.31844890909,6.70889312431,19.1182970182,100.0,35.3359144393,23.7900913674,6.53356883504,0.0,0.0,0.0,0.0,1.92426857543,0.0,2.34654083729,0.0,0.0,2.92397689399,100.0,0.038514493924,0.0685470875639,0.190858436352,0.085415134057,0.195980004755,0.558483176153,1.03223177825,0.694955506506,0.0562116816552,0.0,0.0,0.0,0.0,0.0,0.0,0.0,2.92119729922,23.0,23.0,7.87348393282,7.87348393282,5.84707965988,-5.27528474959,1.20168123014,-1.30419432087,0.589067410863,-0.576954496205,1.3409094333,1.39353025043,1.79803810832,1.94192655886,0.287876979712,-2.29215812209,1.66975216009,-0.288901442429,1.38187518038,2.00325667966,0.399513736334,0.441528012351,0.511160714286,0.470982142857,0.114098373724,0.114098373724,229.0,208.0,47.3140495868,42.9752066116,9.95652173913,9.04347826087,1.0,1.0,28.0,27.0,7.1412960757,7.35129838203,50.9981096408,54.0415879017,8.0,6.0,4.0,3.5,14.0,12.5,10.0,9.0,4.0,3.0,3.0,3.0,0.0,0.0,0.0,0.0,0.0,1.02697616515,15.0,5.0,21.0,19.0,15.0,7.11805216802,50.6666666667,12.0,20.0,8.0,2.0,1191.81370872,1036.42784726,1099.18564156,1093.19556565,48.2769777706,2330.66658266,1061.51108939,1134.51001785,72.9989284679,36.5869322365,-154.314309723,-154.314309723,157.871607338,1.77864880769,-156.092958531,0.352391980666,0.119421961831,0.052313200226,0.0538249435496,-0.00414458111186,-0.3844654151,-0.266859893107,0.0313740540527,-0.646621356641,0.0660317650085,-0.0948735044938,0.0346577109558,0.551747852147,0.0184533060087,0.217652251272,0.0034940968361,-0.0257350337435,-0.0091558103442,-0.00727711625689,0.00722182036896,5.21546894416e-05,-0.0152296900287,-0.00346285689534,0.0117668331333,0.0055084055455,13.1764706549,678.226440281,2.96168751214,9.0019622567,3.00032702496,-14.1601078812,-678.226440281,-3.21434331887,11.3358511692,3.3668755797,0.356960235629,5.31650031335,0.156367656275,0.0077156848751,0.0878389712776,-3.5599721175,-466.572298789,-1.14919285416,0.971696977319,0.985746913421,3012.51761856,439658.332869,999.223483794,695611.94433,834.033539092,0.0,0.0,0.0,0.0,0.0,178.446125033,46103.1342494,104.779850567,2564.13067025,50.6372458793,0.0,0.0,0.0,0.0,0.0,3562.41093154,3285.53944013,1471921.66918,165.808012543,69.193044224,30998.4838124,3019.41819881,981.917277814,439898.940461,178.582307485,102.908781807,46103.1342494,0.100872109521,-0.198986353807,13.676273094,0.539306400393,0.330945241209,-0.652842368134,44.8696623818,0.867929519635
